0 0.585934 0.0424705 0.0205843 0.0588972
0 0.669183 0.567372 0.0406479 0.0187657
0 0.749942 0.702311 0.0337607 0.00867737
0 0.732963 0.729565 0.0137546 0.0108447
0 0.752327 0.730332 0.00742737 0.0107901
0 0.754578 0.597855 0.015423 0.0188186
0 0.752925 0.730482 0.0103665 0.00968338
0 0.572328 0.188527 0.0104088 0.0209903
0 0.712363 0.733174 0.00717636 0.0156723
0 0.66979 0.713327 0.0186632 0.00750656
0 0.711478 0.731277 0.00729279 0.0116512
0 0.566824 0.119371 0.00959358 0.0154935
0 0.712854 0.162904 0.0177658 0.0263679
