0 0.806802 0.780943 0.0449966 0.0532312
0 0.889606 0.69148 0.0259238 0.0313431
0 0.59574 0.0771838 0.0119264 0.025458
0 0.751282 0.844452 0.0269128 0.00800049
0 0.665059 0.855585 0.018073 0.00952789
0 0.691365 0.849244 0.0157205 0.0112978
0 0.728816 0.873022 0.0125156 0.0103645
0 0.748056 0.845229 0.0326709 0.00865265
0 0.763057 0.873294 0.0120007 0.0101526
0 0.771182 0.873117 0.0115575 0.00946472
0 0.735126 0.87369 0.0188525 0.010472
0 0.94893 0.682056 0.0193286 0.0151016
0 0.710881 0.872162 0.00731079 0.0083197
0 0.570902 0.331175 0.00841736 0.0201646
0 0.620677 0.0163573 0.0234346 0.0324161
0 0.742812 0.874116 0.0109415 0.0105939
0 0.736177 0.84602 0.0288211 0.00805817
0 0.839855 0.375617 0.0144666 0.0224451
