0 0.868243 0.539787 0.048298 0.0549327
0 0.658791 0.567543 0.037139 0.0140907
0 0.736565 0.704417 0.0428177 0.0104874
0 0.681435 0.708725 0.0206667 0.0109367
0 0.716914 0.729265 0.0102084 0.0159906
0 0.562829 0.200492 0.00934792 0.0172993
0 0.656351 0.714511 0.0214636 0.0100087
0 0.761974 0.731948 0.0145642 0.0153957
0 0.725673 0.730167 0.0173885 0.016434
0 0.694711 0.72508 0.0127931 0.00660919
0 0.757571 0.731668 0.0214336 0.0142184
0 0.988711 0.642875 0.0224686 0.0250227
0 0.680668 0.710355 0.0225681 0.0126897
