0 0.765334 0.900702 0.0310226 0.0441455
0 0.646373 0.555403 0.030994 0.0409941
0 0.0444984 0.188082 0.0885679 0.0910472
0 0.339447 0.53593 0.102912 0.086891
0 0.453606 0.491575 0.0436195 0.0611607
0 0.689358 0.532058 0.0900793 0.102241
0 0.959224 0.680676 0.0815143 0.0541934
0 0.847281 0.723817 0.0863155 0.103442
0 0.522445 0.88382 0.120254 0.110494
0 0.670301 0.976838 0.0410962 0.045788
0 0.336567 0.35288 0.0436231 0.0458359
0 0.660425 0.976791 0.0615993 0.0458034
0 0.481083 0.848233 0.0364266 0.0387695
