0 0.408263 0.513623 0.0334543 0.0437184
0 0.0919247 0.113161 0.0404883 0.0632504
0 0.705278 0.925143 0.0351846 0.0928529
0 0.440098 0.953557 0.0381589 0.0225739
0 0.312494 0.598853 0.0472765 0.0628705
0 0.58184 0.894602 0.0899962 0.0441666
0 0.282256 0.455471 0.0925201 0.0784679
0 0.161763 0.484875 0.106719 0.08263
0 0.888576 0.636461 0.021058 0.0243504
0 0.751195 0.607129 0.0237151 0.0221793
0 0.750473 0.611578 0.0258368 0.0312563
0 0.516288 0.317749 0.036917 0.0531417
0 0.988354 0.473849 0.0230069 0.0308592
0 0.61473 0.87266 0.0714782 0.0398663
0 0.282592 0.451554 0.0560154 0.0617366
0 0.488001 0.362299 0.0170448 0.0266217
