0 0.289549 0.417998 0.0484715 0.0471382
0 0.484707 0.288024 0.0794304 0.129004
0 0.81898 0.674406 0.0576468 0.0797604
0 0.700188 0.882132 0.0393753 0.107474
0 0.404359 0.46282 0.0269626 0.0408295
0 0.771237 0.299795 0.0873535 0.0439914
0 0.331153 0.0978386 0.0979842 0.102236
0 0.622162 0.783618 0.0600845 0.0308365
0 0.969733 0.466625 0.0422873 0.0553409
0 0.377271 0.857582 0.0366568 0.0436743
0 0.345156 0.172309 0.0200861 0.0220276
0 0.887462 0.580205 0.0170538 0.0214095
0 0.123931 0.010134 0.0258401 0.0200764
0 0.746981 0.556318 0.0198437 0.020483
0 0.940341 0.514185 0.0218619 0.0239377
