0 0.665186 0.264848 0.0343076 0.0586667
0 0.765813 0.635842 0.00984497 0.0212695
0 0.578562 0.348494 0.0133186 0.0200102
0 0.633121 0.20381 0.0319934 0.0459588
0 0.787502 0.661403 0.0098877 0.0184131
0 0.698495 0.324103 0.0386694 0.0555394
0 0.866097 0.6227 0.0164798 0.0457176
0 0.766121 0.496061 0.0168021 0.0185522
0 0.775815 0.694286 0.0109964 0.0242075
0 0.777682 0.947262 0.0138921 0.0290877
0 0.762179 0.522563 0.0143555 0.0215289
0 0.744265 0.597851 0.0131238 0.0212389
0 0.625352 0.568323 0.01008 0.0189258
0 0.608188 0.374448 0.0135715 0.0223436
0 0.591901 0.391716 0.0135843 0.0216994
0 0.542009 0.347086 0.0091095 0.0187788
0 0.825283 0.761192 0.00792236 0.0192987
0 0.567024 0.0970643 0.0341145 0.0513422
0 0.625707 0.503776 0.0130878 0.0228769
0 0.786981 0.794794 0.0104956 0.0256021
0 0.845674 0.979965 0.00859192 0.0195366
0 0.583593 0.435731 0.0147747 0.0197591
0 0.847463 0.889737 0.00724152 0.0254092
0 0.747909 0.387551 0.0230551 0.0280762
0 0.775345 0.735595 0.0104353 0.0107645
0 0.64336 0.564331 0.0114035 0.0167845
0 0.817708 0.682747 0.00818283 0.0234994
0 0.742081 0.988333 0.0133157 0.0229733
0 0.81021 0.716086 0.00677475 0.0220786
0 0.776405 0.759004 0.00898346 0.0132771
0 0.625545 0.54222 0.0108821 0.0172314
0 0.739881 0.538915 0.0132751 0.0171657
0 0.728306 0.503004 0.00836456 0.0210605
0 0.743371 0.562988 0.0127019 0.0187807
0 0.818219 0.50766 0.0246446 0.0364565
0 0.557344 0.373906 0.00803291 0.0165008
0 0.843832 0.569822 0.0167818 0.0216442
0 0.624752 0.499745 0.0134109 0.0315118
0 0.796594 0.559123 0.0114746 0.019077
0 0.809078 0.601981 0.00902588 0.0197749
0 0.590999 0.502523 0.00970505 0.0166019
0 0.606752 0.428942 0.0173332 0.0213
0 0.588974 0.492382 0.00841629 0.0235495
0 0.877261 0.807715 0.00875442 0.034832
0 0.622053 0.422633 0.0144283 0.0222026
0 0.58897 0.487983 0.00909637 0.0180789
0 0.786365 0.989495 0.0139911 0.0190877
0 0.515679 0.340846 0.0130198 0.0120372
0 0.533767 0.319439 0.00848801 0.0144202
0 0.794791 0.98893 0.0164941 0.0212831
0 0.866437 0.675802 0.00771118 0.0198547
0 0.866155 0.928349 0.00663513 0.00995651
0 0.536094 0.400934 0.0136104 0.0121095
0 0.748048 0.799788 0.0068074 0.0164821
0 0.647681 0.685241 0.0255304 0.0425282
0 0.823959 0.908273 0.0175769 0.0142203
0 0.614465 0.426582 0.0198444 0.0236208
0 0.872563 0.680793 0.0153821 0.0321051
0 0.788739 0.988361 0.0164957 0.0202756
0 0.838492 0.791302 0.00737244 0.021676
0 0.804988 0.90377 0.0103574 0.0179019
0 0.597748 0.469679 0.00859749 0.0135768
0 0.873495 0.716093 0.0170581 0.02259
0 0.888021 0.880748 0.00986115 0.0206006
0 0.552494 0.463581 0.00930847 0.0122227
0 0.789935 0.910655 0.00575638 0.0176387
0 0.619966 0.425628 0.0171453 0.0230432
