0 0.763832 0.487392 0.0124422 0.0174904
0 0.867525 0.418949 0.020813 0.0202319
0 0.735365 0.390007 0.0134883 0.0252055
0 0.812204 0.448983 0.0204309 0.0229496
0 0.722922 0.0448342 0.00816009 0.0208565
0 0.753896 0.457794 0.0109216 0.0174734
0 0.773331 0.0696909 0.00857666 0.022438
0 0.792899 0.383629 0.0176083 0.0240549
0 0.820974 0.262449 0.0119705 0.0135439
0 0.783624 0.274299 0.00799164 0.0226737
0 0.803194 0.232306 0.00955109 0.0206651
0 0.797639 0.506183 0.0159412 0.0220567
0 0.837432 0.315495 0.0167871 0.0270902
0 0.86298 0.598469 0.0164189 0.0145335
0 0.674587 0.101945 0.0122333 0.0295142
0 0.771136 0.353154 0.0125302 0.0138049
0 0.804856 0.0355603 0.00821838 0.0173986
0 0.750832 0.356096 0.0105414 0.0145468
0 0.753709 0.325914 0.00692352 0.0213759
0 0.768478 0.202846 0.0113629 0.0205024
0 0.907853 0.776269 0.0172067 0.0155379
0 0.987589 0.449952 0.0115222 0.0124619
0 0.767771 0.604117 0.0204027 0.022345
0 0.82965 0.343351 0.0223773 0.0215256
0 0.834766 0.0714912 0.0152219 0.00691639
0 0.826203 0.343601 0.0191965 0.0229259
0 0.818603 0.348997 0.0118787 0.020524
0 0.932842 0.776565 0.00677032 0.0112733
0 0.78152 0.515129 0.00992493 0.013308
