0 0.498653 0.180398 0.0494142 0.0747602
0 0.566209 0.552296 0.0967468 0.0835917
0 0.738042 0.222013 0.0985439 0.0985795
0 0.810803 0.587424 0.0324704 0.043989
0 0.0636379 0.103717 0.127276 0.147854
0 0.773647 0.971283 0.0399664 0.0482431
0 0.218522 0.255981 0.107384 0.105917
0 0.891506 0.422633 0.0822177 0.103366
0 0.752379 0.296945 0.0236034 0.0235385
0 0.249147 0.283118 0.043087 0.0449441
0 0.413641 0.0213497 0.0967289 0.0426995
0 0.195556 0.229924 0.0494472 0.0482128
0 0.401939 0.0184709 0.0728588 0.0369419
0 0.537363 0.521539 0.0280431 0.0223597
