0 0.350203 0.946484 0.0175669 0.0157962
0 0.0789555 0.142995 0.0183894 0.0216198
0 0.179927 0.444019 0.0130411 0.0244352
0 0.0136769 0.0783947 0.0195709 0.0215763
0 0.0330896 0.179532 0.0157607 0.0192666
0 0.187711 0.331012 0.0127888 0.0179373
0 0.0720798 0.190467 0.0146325 0.0200175
0 0.104885 0.332417 0.00851326 0.0179947
0 0.178771 0.352564 0.011234 0.0172368
0 0.107833 0.173771 0.0144719 0.0175305
0 0.0973771 0.300786 0.0148564 0.0230736
0 0.0332914 0.233314 0.0176762 0.0175997
0 0.229557 0.78483 0.0302848 0.0534045
0 0.243524 0.540032 0.011869 0.0186058
0 0.0330126 0.151166 0.0151351 0.0209128
0 0.134338 0.312747 0.0129945 0.0245348
0 0.211636 0.345248 0.0141725 0.0234457
0 0.129048 0.218904 0.0177047 0.0208353
0 0.181377 0.27493 0.0123404 0.0158599
0 0.125312 0.344406 0.00922413 0.0187566
0 0.204877 0.440821 0.0142064 0.0209392
0 0.150414 0.341511 0.0161974 0.0227439
0 0.0946281 0.222819 0.0105217 0.0154621
0 0.193754 0.307093 0.014211 0.0163677
0 0.282524 0.507983 0.0133282 0.0195807
0 0.202822 0.464324 0.0163126 0.0216489
0 0.231446 0.500045 0.0149271 0.0206567
0 0.18206 0.381389 0.00916748 0.0154581
0 0.0347542 0.209712 0.0137578 0.0156823
0 0.0114248 0.147894 0.00994225 0.0168494
0 0.655922 0.961195 0.016734 0.0159164
0 0.0533067 0.207061 0.0123552 0.0202147
0 0.160323 0.405436 0.0168516 0.0256317
0 0.273347 0.563024 0.0150414 0.0175542
0 0.112684 0.255089 0.0132571 0.0216463
0 0.0764316 0.25842 0.0143701 0.0171487
0 0.230352 0.370222 0.0119138 0.0156735
0 0.274158 0.589216 0.0122394 0.0183246
0 0.288861 0.54904 0.0118989 0.017263
0 0.103025 0.110197 0.01836 0.0235263
0 0.657793 0.992746 0.0207416 0.0142615
0 0.413074 0.699692 0.023616 0.0258282
0 0.570217 0.928093 0.0181535 0.0130019
0 0.236029 0.473193 0.0117025 0.0173656
0 0.158652 0.310047 0.0126762 0.0234767
0 0.229105 0.443043 0.0114548 0.0182236
0 0.0337013 0.122661 0.0196287 0.0196109
0 0.321105 0.898519 0.0141437 0.0171103
0 0.247812 0.843812 0.0193925 0.0292224
0 0.00838367 0.115444 0.0127293 0.0130747
0 0.296134 0.530464 0.0118184 0.0152555
0 0.254945 0.495478 0.0119573 0.0178012
0 0.259541 0.526068 0.0111083 0.0173151
0 0.214271 0.388516 0.0190073 0.0215883
0 0.0702089 0.236643 0.0148163 0.0161075
0 0.245498 0.394169 0.0125158 0.0205342
0 0.00846268 0.196686 0.0122129 0.0153345
0 0.210711 0.498885 0.0109834 0.0186062
0 0.109836 0.609574 0.0129314 0.0174611
0 0.157341 0.247479 0.0168567 0.0191245
0 0.532019 0.882663 0.0215466 0.0191063
0 0.208472 0.393872 0.0191807 0.0163307
0 0.138965 0.363195 0.0128251 0.0184216
0 0.138453 0.258741 0.0159834 0.0160146
0 0.607348 0.955933 0.0221943 0.0212976
0 0.128854 0.286438 0.00880455 0.0147371
0 0.260682 0.46693 0.0155345 0.0171923
0 0.0369341 0.122279 0.0198422 0.0175609
0 0.253686 0.428199 0.0149969 0.0156116
0 0.310569 0.602921 0.0161294 0.0209847
0 0.213717 0.392632 0.0209861 0.0173029
0 0.601964 0.963377 0.0205771 0.0204449
0 0.267979 0.460532 0.0128236 0.0204765
0 0.118537 0.318221 0.00850441 0.0160155
0 0.0308599 0.121248 0.0161263 0.0195873
0 0.599444 0.956184 0.0207339 0.0211404
0 0.265496 0.463582 0.0154625 0.0199218
0 0.271829 0.547671 0.0118743 0.0145428
0 0.166359 0.381932 0.00740822 0.015943
0 0.598705 0.964107 0.0202705 0.0195776
0 0.015905 0.439833 0.016211 0.013789
0 0.603781 0.957597 0.0232339 0.0245531
0 0.443882 0.731898 0.0282237 0.0327779
0 0.302953 0.606161 0.0147378 0.0204572
0 0.60861 0.96269 0.020667 0.0180005
0 0.307656 0.605043 0.0208502 0.0228525
0 0.19111 0.307906 0.0117365 0.0158544
0 0.603896 0.955041 0.0185638 0.0220969
0 0.132457 0.314055 0.0109505 0.0205479
0 0.272844 0.559856 0.0144855 0.0230566
0 0.599683 0.952531 0.0185924 0.0165851
0 0.144186 0.257026 0.0199184 0.0165359
