0 0.0157325 0.635804 0.00910304 0.0210966
0 0.115954 0.622624 0.0157969 0.0456512
0 0.0375073 0.661277 0.00951803 0.018168
0 0.0123168 0.522626 0.013641 0.021611
0 0.0276099 0.947224 0.0138408 0.0290759
0 0.0257318 0.694247 0.010781 0.0241504
0 0.0157462 0.495975 0.0160276 0.0182944
0 0.0752581 0.761156 0.00796483 0.0192781
0 0.0369614 0.794702 0.0104507 0.0254636
0 0.0253683 0.735586 0.0103617 0.0108139
0 0.02622 0.758881 0.00889186 0.0131584
0 0.0956737 0.979964 0.00856111 0.0195367
0 0.0974121 0.889716 0.00702587 0.024949
0 0.0468374 0.558968 0.0112592 0.0183469
0 0.0676237 0.682756 0.00801859 0.0233884
0 0.12751 0.807782 0.0094532 0.0358417
0 0.0694331 0.511598 0.0197524 0.0274233
0 0.0504512 0.634956 0.00656008 0.0209576
0 0.090439 0.708184 0.00680767 0.0175117
0 0.0888786 0.791319 0.00695961 0.0211549
0 0.0939166 0.569914 0.0161896 0.0214746
0 0.0588993 0.601384 0.00906225 0.0185361
0 0.037073 0.988891 0.0163446 0.020968
0 0.0546541 0.904345 0.00969349 0.0165186
0 0.0717906 0.908546 0.0147625 0.0124738
0 0.0739116 0.908342 0.0176496 0.0138208
0 0.043609 0.988857 0.0165776 0.0215652
0 0.116149 0.9282 0.00669395 0.0096907
0 0.116768 0.677647 0.00840576 0.0241309
0 0.123405 0.684312 0.0183807 0.0416003
0 0.12713 0.986543 0.00852966 0.0103145
0 0.0563511 0.897697 0.0112976 0.0169246
0 0.0706972 0.590178 0.00751505 0.00932907
0 0.137993 0.880841 0.00972206 0.0203838
