0 0.494939 0.758134 0.0405217 0.0534138
0 0.56573 0.668532 0.0460072 0.0503394
0 0.702091 0.535298 0.0375861 0.034519
0 0.760739 0.488988 0.0412085 0.0371068
0 0.59735 0.803479 0.0141283 0.018513
0 0.517706 0.918517 0.0159198 0.0210336
0 0.958198 0.372429 0.049238 0.0250583
0 0.628406 0.776925 0.0134408 0.0174152
0 0.547096 0.863201 0.0152921 0.0211118
0 0.892912 0.405427 0.0256284 0.0159288
0 0.662318 0.699172 0.0198802 0.0213979
0 0.634608 0.588332 0.0207217 0.0175085
0 0.65808 0.570538 0.0216841 0.0199254
0 0.699724 0.721145 0.0172583 0.0179564
0 0.528221 0.7116 0.019751 0.0200458
0 0.654131 0.568882 0.0204993 0.0209195
0 0.653669 0.957606 0.0242422 0.0196063
