0 0.0572424 0.235667 0.0743173 0.0798088
0 0.597704 0.238572 0.0976916 0.0539202
0 0.331852 0.495388 0.0400871 0.0311208
0 0.0923426 0.0280525 0.0245338 0.056105
0 0.654497 0.415037 0.0497849 0.0253334
0 0.682574 0.261552 0.0321571 0.0153937
0 0.591506 0.610044 0.00790283 0.0268047
0 0.410997 0.608876 0.0633093 0.0923047
0 0.560409 0.392895 0.0385212 0.0163438
0 0.655813 0.794701 0.0650519 0.126947
0 0.64648 0.780789 0.0459448 0.0970032
0 0.66172 0.812997 0.0783235 0.164848
0 0.360578 0.52422 0.0272258 0.0259659
