0 0.784117 0.529171 0.0697507 0.0263705
0 0.697475 0.0937637 0.0124701 0.0242233
0 0.105169 0.0446151 0.0169575 0.0259322
0 0.47826 0.0882772 0.0448004 0.014551
0 0.788366 0.247311 0.0818878 0.0173413
0 0.853077 0.927752 0.0242781 0.00797546
0 0.757439 0.978172 0.0307623 0.00828339
0 0.473056 0.455699 0.00696884 0.0215579
0 0.817553 0.991173 0.0298947 0.0086409
0 0.573332 0.827819 0.0160549 0.0137749
0 0.702778 0.988952 0.02479 0.00728882
0 0.660835 0.167085 0.0096608 0.0220203
0 0.990626 0.824845 0.0187481 0.00939026
0 0.658398 0.992639 0.0217276 0.00808533
0 0.701874 0.990537 0.0258748 0.00774475
