0 0.773328 0.819682 0.008517 0.0223996
0 0.743934 0.303193 0.00721069 0.0209469
0 0.722922 0.794814 0.00819412 0.0208191
0 0.803147 0.982267 0.00938492 0.0202739
0 0.80714 0.338905 0.00776932 0.0209731
0 0.777732 0.197269 0.013873 0.0290154
0 0.785502 0.302229 0.0114053 0.0271155
0 0.674436 0.851963 0.0123485 0.0298972
0 0.804902 0.785642 0.00826386 0.0174867
0 0.827595 0.403975 0.0185196 0.0322066
0 0.716183 0.503592 0.00937408 0.0133877
0 0.76644 0.446918 0.00878387 0.0253607
0 0.709346 0.609586 0.00715805 0.0216563
0 0.741836 0.241629 0.0134827 0.0294072
0 0.786929 0.0447202 0.0102908 0.0254339
0 0.853033 0.538142 0.00911224 0.0182018
0 0.802289 0.598578 0.0190918 0.0265842
0 0.825063 0.0106879 0.00793335 0.0198409
0 0.84745 0.139672 0.0070932 0.0251492
0 0.789993 0.726349 0.00744995 0.0220807
0 0.835982 0.297215 0.0131699 0.017361
0 0.77639 0.00809089 0.00889755 0.0128085
0 0.845511 0.229931 0.00851166 0.0193957
0 0.74872 0.0498461 0.00722305 0.0167342
0 0.797518 0.493555 0.00763672 0.0187297
0 0.87698 0.0579241 0.00864075 0.0352441
0 0.768506 0.952874 0.0113037 0.0206499
0 0.831877 0.258124 0.00782623 0.0125851
0 0.742748 0.363453 0.0169281 0.0246643
0 0.873448 0.263947 0.00621887 0.0111434
0 0.720896 0.467205 0.00912201 0.0244
0 0.741714 0.741487 0.00805771 0.0347363
0 0.795674 0.239889 0.0138271 0.0221198
0 0.7423 0.734205 0.00869049 0.020197
0 0.836182 0.821813 0.0186952 0.00745865
0 0.866108 0.17827 0.00666321 0.00995216
0 0.805038 0.153545 0.0104803 0.0182616
0 0.823928 0.158541 0.0178229 0.0140842
0 0.737592 0.364843 0.0190115 0.0270486
0 0.787048 0.243712 0.0145776 0.0216323
0 0.838436 0.0412512 0.00724213 0.0214519
0 0.677166 0.283637 0.0137714 0.0135135
0 0.670172 0.8061 0.00911407 0.0162927
0 0.688747 0.254756 0.00865753 0.0232475
