0 0.753624 0.277787 0.0656082 0.0338424
0 0.274603 0.26859 0.0691482 0.0215376
0 0.576565 0.201007 0.0118433 0.0240215
0 0.185279 0.625833 0.0586533 0.0229238
0 0.944509 0.571853 0.0706323 0.0217342
0 0.632434 0.810332 0.0569534 0.0163565
0 0.478845 0.68429 0.0694283 0.0205466
0 0.950082 0.960558 0.0678763 0.0302612
0 0.972346 0.298368 0.0552966 0.0197142
0 0.0412987 0.993941 0.0818856 0.0116721
0 0.798303 0.668162 0.00898819 0.0202554
0 0.245736 0.862358 0.00822639 0.0166348
0 0.901717 0.0396374 0.00799011 0.0173585
0 0.950499 0.956823 0.0681003 0.0185458
