0 0.871743 0.516295 0.0309192 0.0452488
0 0.604532 0.274346 0.056209 0.0442044
0 0.855773 0.784683 0.0175824 0.0183302
0 0.947558 0.868886 0.0160947 0.0230074
0 0.747231 0.654454 0.00981323 0.0162561
0 0.903515 0.572052 0.0328635 0.0523138
0 0.863414 0.847505 0.0127229 0.016653
0 0.926447 0.831323 0.0153781 0.0227933
0 0.834627 0.461966 0.038226 0.0400383
0 0.953499 0.936247 0.0146985 0.0163257
0 0.670892 0.313691 0.0341687 0.0276451
0 0.893667 0.822965 0.0164417 0.0197934
0 0.95699 0.977926 0.0182468 0.0170883
0 0.973452 0.918351 0.0118735 0.0166376
0 0.0484522 0.282352 0.0110718 0.0236326
0 0.936921 0.62688 0.0350746 0.0510959
0 0.471534 0.202292 0.0616219 0.0318653
0 0.0631659 0.111511 0.0350535 0.0140775
0 0.54035 0.237264 0.0474147 0.0392291
0 0.273715 0.135617 0.0640986 0.0238714
0 0.791041 0.410458 0.0434158 0.0455627
0 0.912742 0.863054 0.00899948 0.0180548
0 0.729537 0.35391 0.0501508 0.039558
0 0.844056 0.852694 0.00941101 0.0151567
0 0.677127 0.550426 0.0180521 0.0226893
0 0.112224 0.111213 0.0309285 0.0165317
0 0.93694 0.903426 0.00923965 0.0160532
0 0.731818 0.360911 0.0451352 0.0257327
0 0.351971 0.161063 0.0544543 0.0186348
0 0.407004 0.178428 0.0540217 0.0252977
0 0.155234 0.111883 0.0271915 0.0143946
0 0.82404 0.773265 0.0124283 0.0168037
0 0.884107 0.871817 0.0144781 0.0146182
0 0.7713 0.677593 0.0106734 0.0149081
0 0.921672 0.994713 0.011199 0.00969849
0 0.824653 0.796564 0.011086 0.0139389
0 0.995514 0.924667 0.00897285 0.0128564
0 0.724411 0.607274 0.0173288 0.0156517
0 0.0170399 0.125369 0.0340799 0.0153973
0 0.731079 0.630179 0.0124989 0.0121832
0 0.843309 0.820235 0.0161014 0.0174693
0 0.800686 0.746591 0.0116193 0.0121304
0 0.832565 0.829459 0.0148839 0.0135353
0 0.490465 0.396316 0.0156213 0.0134364
0 0.981813 0.952974 0.00759247 0.0142078
0 0.703399 0.64236 0.00879532 0.0154681
0 0.9167 0.92438 0.0100348 0.01586
0 0.452586 0.304802 0.0212188 0.0199039
0 0.727201 0.606523 0.0139191 0.0155682
0 0.488028 0.39664 0.0133281 0.0148396
0 0.324542 0.14678 0.0266836 0.0142469
