0 0.92401 0.0933694 0.0537675 0.0380395
0 0.853701 0.0553797 0.0616763 0.0307897
0 0.143761 0.0430282 0.0295975 0.0167464
0 0.0134791 0.119423 0.0268712 0.0222473
0 0.208327 0.0128411 0.0465504 0.0256821
0 0.750498 0.161391 0.0251556 0.015596
0 0.720333 0.0114523 0.0609811 0.0229046
0 0.406927 0.0877552 0.0337367 0.00720127
0 0.867212 0.249015 0.0182465 0.0155917
0 0.426226 0.134096 0.0113579 0.024789
0 0.262412 0.00335321 0.0180495 0.0065596
0 0.791012 0.0392872 0.0562311 0.0227317
0 0.980211 0.128521 0.0394327 0.0407441
0 0.979289 0.137813 0.0414223 0.0496116
