0 0.754272 0.256508 0.0151526 0.024864
0 0.693344 0.0858219 0.0420761 0.0604753
0 0.827438 0.824024 0.0112253 0.0188725
0 0.75818 0.340026 0.0111221 0.0225665
0 0.722143 0.799329 0.0120624 0.0253891
0 0.787701 0.343353 0.0120197 0.0229075
0 0.785148 0.426557 0.0102469 0.019872
0 0.718245 0.308409 0.0162526 0.0227225
0 0.806075 0.405333 0.0085968 0.0189807
0 0.628813 0.273156 0.0139647 0.0208588
0 0.581499 0.236606 0.0156303 0.0182242
0 0.761716 0.535037 0.0123962 0.0242168
0 0.651561 0.286827 0.011875 0.0215294
0 0.861868 0.714125 0.0093045 0.0208447
0 0.785799 0.912019 0.00699707 0.0197229
0 0.773477 0.565721 0.00957794 0.0183916
0 0.495355 0.100313 0.0113112 0.0185405
0 0.650162 0.0151241 0.0308846 0.0302483
0 0.820881 0.294198 0.0281836 0.0357918
0 0.731927 0.395599 0.00947266 0.0167392
0 0.805664 0.475088 0.008703 0.0176183
0 0.734332 0.355685 0.011532 0.0246326
0 0.775846 0.880971 0.00849487 0.0196896
0 0.73395 0.768162 0.0128543 0.0259438
0 0.794125 0.856511 0.00950897 0.0173529
0 0.816905 0.44282 0.0108693 0.0256937
0 0.780847 0.593361 0.0127017 0.0222452
0 0.825716 0.475681 0.00890305 0.0178072
0 0.732796 0.263851 0.0116522 0.0172149
0 0.814563 0.73955 0.00946701 0.0230319
0 0.75554 0.390925 0.0114494 0.0222226
0 0.515984 0.0818252 0.00892273 0.0194461
0 0.786414 0.494864 0.00911041 0.0227356
0 0.777243 0.298512 0.0109912 0.0144321
0 0.528373 0.12925 0.0147352 0.0169628
0 0.578207 0.174387 0.0117844 0.0238293
0 0.716925 0.852006 0.00852386 0.0182446
0 0.775835 0.278284 0.00911057 0.0161618
0 0.756726 0.699946 0.0122324 0.0184769
0 0.603197 0.253852 0.0102437 0.0117681
0 0.797844 0.569632 0.0112056 0.0219714
0 0.750264 0.73315 0.0112817 0.0248697
0 0.866146 0.679084 0.00721619 0.0166971
0 0.632955 0.315101 0.018158 0.024819
0 0.841328 0.530322 0.00832581 0.0191234
0 0.726614 0.874679 0.0101459 0.0161571
0 0.608089 0.30071 0.011487 0.0167874
0 0.592744 0.268542 0.00984146 0.0165549
0 0.542856 0.120286 0.0121454 0.0178903
0 0.649375 0.260284 0.0122205 0.0162584
0 0.798834 0.573939 0.0130254 0.0277422
0 0.531203 0.103724 0.0160988 0.01553
0 0.633886 0.347367 0.0115374 0.0223688
0 0.787991 0.453487 0.00866791 0.0224615
0 0.667009 0.342396 0.0127606 0.0179382
0 0.862384 0.769165 0.00637314 0.0121971
0 0.826699 0.762231 0.00736023 0.0150294
0 0.555773 0.155845 0.0117319 0.0201739
0 0.799794 0.580846 0.012209 0.0248837
0 0.791654 0.541324 0.00778381 0.0205445
0 0.567367 0.140652 0.00701096 0.0190545
0 0.840656 0.333592 0.0170932 0.0241273
0 0.822532 0.992018 0.0131445 0.0155072
0 0.624478 0.234253 0.0162225 0.0232166
0 0.827727 0.793693 0.00696228 0.00966919
0 0.739372 0.298377 0.00998245 0.0180012
0 0.765659 0.811263 0.0179874 0.0219392
0 0.486453 0.144163 0.00811157 0.0271239
0 0.635548 0.231668 0.02136 0.0201043
0 0.808757 0.956553 0.010918 0.0270009
0 0.82162 0.536837 0.00798615 0.0195763
0 0.77486 0.808641 0.0171045 0.0224066
0 0.810765 0.766633 0.00797272 0.014619
0 0.686183 0.68111 0.0179822 0.0133762
0 0.742976 0.944681 0.018287 0.0276813
0 0.794565 0.70891 0.0157794 0.0228789
0 0.773626 0.811431 0.0180536 0.020195
0 0.757847 0.695771 0.0125792 0.0256573
0 0.673098 0.0400831 0.0106461 0.016281
0 0.735911 0.944313 0.0168062 0.0274603
0 0.811209 0.709562 0.0192874 0.0198737
0 0.78715 0.705782 0.0135703 0.0228255
0 0.804221 0.710486 0.0214909 0.0222485
0 0.643121 0.228807 0.0191864 0.0195295
0 0.529413 0.126369 0.0146516 0.0186246
0 0.789773 0.706562 0.0165897 0.0243097
0 0.769241 0.662238 0.00995331 0.0143936
0 0.645641 0.226329 0.0151437 0.0209843
0 0.477838 0.0539961 0.0161851 0.0167232
0 0.760405 0.287722 0.0107391 0.0149034
0 0.864006 0.471921 0.0105688 0.0168504
0 0.734472 0.144082 0.00965302 0.0102275
0 0.671631 0.762533 0.0170364 0.0149138
0 0.739442 0.944155 0.0233325 0.0272052
0 0.814318 0.95704 0.0178937 0.0283374
