0 0.0439879 0.380668 0.00871026 0.0203215
0 0.0551374 0.216957 0.0103237 0.0181458
0 0.041107 0.189347 0.0110153 0.018983
0 0.0167152 0.568127 0.0107175 0.0267883
0 0.0649795 0.346497 0.0110536 0.0233838
0 0.0356011 0.693051 0.0122371 0.026535
0 0.0612186 0.274203 0.0105789 0.021057
0 0.0966691 0.949151 0.00848682 0.0164426
0 0.0366304 0.292814 0.00942336 0.0220628
0 0.0086228 0.60313 0.0136041 0.0295135
0 0.0535204 0.42069 0.00751869 0.0215744
0 0.0369661 0.727487 0.00783001 0.0197931
0 0.0135301 0.826595 0.00863842 0.0274649
0 0.0151111 0.269359 0.0117503 0.0222715
0 0.0629068 0.714195 0.00715059 0.0215703
0 0.0445042 0.646565 0.0136776 0.0306161
0 0.106551 0.642032 0.00786045 0.0112312
0 0.126831 0.625052 0.0104408 0.0110048
0 0.04796 0.878654 0.00733421 0.0172028
0 0.0168004 0.539514 0.00904017 0.0188017
0 0.0609751 0.947022 0.00911271 0.0218004
0 0.0281235 0.153674 0.0100509 0.0171568
0 0.118693 0.908793 0.0089245 0.0145647
0 0.0106724 0.920079 0.00924444 0.0377219
0 0.106987 0.560802 0.00758701 0.0157736
0 0.0289112 0.330693 0.0073653 0.0215655
0 0.0955472 0.206384 0.0147401 0.0220906
0 0.11778 0.942769 0.00722847 0.0131573
0 0.0823084 0.407481 0.00689969 0.0128348
0 0.0363038 0.982395 0.0132724 0.0252055
0 0.116277 0.532013 0.00920788 0.0168296
0 0.00738816 0.134111 0.0123634 0.0195693
0 0.0704494 0.537794 0.0117626 0.0131001
0 0.0765548 0.795479 0.0160489 0.0365204
0 0.0583169 0.307767 0.00842341 0.016611
0 0.0973178 0.607698 0.00906815 0.0119366
0 0.0922802 0.924784 0.00689358 0.0181842
0 0.0973062 0.612699 0.00747372 0.0149725
0 0.0826719 0.41058 0.00629971 0.0206178
0 0.0586678 0.247683 0.00818747 0.0207413
0 0.0980727 0.430994 0.00782356 0.0180565
0 0.101043 0.876826 0.0108859 0.00880524
0 0.102538 0.387248 0.0112562 0.0215142
0 0.00551146 0.755041 0.0110229 0.0229849
0 0.116177 0.706682 0.0143204 0.0261163
0 0.113287 0.252361 0.0114254 0.0296556
0 0.0988893 0.388088 0.00923014 0.0220942
0 0.0517219 0.986688 0.0153318 0.0233435
0 0.0759094 0.845225 0.008593 0.0224854
0 0.0762609 0.842171 0.00992543 0.0277457
0 0.116293 0.355675 0.011816 0.0171173
0 0.0522148 0.984202 0.0129029 0.023945
