0 0.841423 0.278636 0.0546724 0.0361805
0 0.909921 0.213028 0.0544208 0.0384772
0 0.200728 0.134919 0.0469608 0.0247857
0 0.13944 0.165637 0.029436 0.0159888
0 0.441336 0.0938545 0.0405191 0.0146838
0 0.783781 0.156008 0.0651167 0.029317
0 0.0383201 0.224033 0.0246369 0.0165431
0 0.675006 0.20333 0.0405521 0.0209249
0 0.332582 0.103197 0.0401096 0.0160353
0 0.0120333 0.248505 0.0240666 0.0419683
0 0.399682 0.211005 0.044859 0.00699108
0 0.387512 0.101573 0.0415816 0.0151229
0 0.58594 0.0979465 0.0301422 0.0157863
0 0.388277 0.0988933 0.0430811 0.0181646
0 0.660354 0.122399 0.0423578 0.0157193
0 0.388177 0.095569 0.0439928 0.0168115
0 0.0120873 0.23909 0.0241745 0.0242551
0 0.527754 0.0863906 0.0333699 0.0152581
0 0.527223 0.0932146 0.0340264 0.0176569
0 0.418887 0.259183 0.0113402 0.0234412
0 0.989661 0.394938 0.0178653 0.0250726
0 0.767041 0.153696 0.0328467 0.0272589
0 0.513506 0.0866355 0.0623001 0.0149412
0 0.503577 0.0853212 0.0557465 0.0121417
