0 0.050212 0.803435 0.0340381 0.0274767
0 0.582817 0.409494 0.013573 0.0240097
0 0.699134 0.707785 0.0139911 0.0263148
0 0.458586 0.594147 0.0185213 0.0163258
0 0.076423 0.638155 0.0255766 0.0299698
0 0.354257 0.545521 0.0190025 0.0183855
0 0.115831 0.651367 0.0224366 0.0259851
0 0.435461 0.486301 0.0100354 0.0237534
0 0.355234 0.934024 0.00851547 0.0172989
0 0.637331 0.825019 0.0174387 0.0276115
0 0.704164 0.473052 0.0131384 0.0245372
0 0.250942 0.859742 0.0118636 0.0226584
0 0.166018 0.733867 0.0246362 0.0132036
0 0.121465 0.650384 0.0303971 0.0255882
0 0.12667 0.649571 0.0216884 0.02483
0 0.198802 0.755667 0.0194268 0.0164569
0 0.257196 0.364772 0.0100838 0.0255104
0 0.672718 0.558471 0.0106857 0.0170467
0 0.650571 0.504428 0.00706299 0.0138097
0 0.927234 0.75399 0.0101247 0.0122337
