0 0.343307 0.32793 0.0537381 0.0469114
0 0.256077 0.404909 0.0500227 0.0457861
0 0.651892 0.762186 0.0274683 0.0354913
0 0.091449 0.278507 0.054645 0.0361642
0 0.160023 0.213238 0.0540808 0.0389463
0 0.693711 0.835479 0.0418642 0.0592564
0 0.406271 0.384852 0.0503021 0.0522286
0 0.5552 0.598061 0.0330111 0.0477422
0 0.588366 0.657812 0.0401195 0.0614761
0 0.514512 0.531922 0.0459164 0.0715095
0 0.488043 0.480408 0.0317718 0.0403842
0 0.495399 0.850305 0.0112444 0.0184277
0 0.451111 0.43555 0.0464225 0.0523882
0 0.581782 0.986615 0.0153957 0.01866
0 0.515959 0.831815 0.00882751 0.0194598
0 0.528327 0.87924 0.0145379 0.0169173
0 0.578196 0.924351 0.0118422 0.023911
0 0.461085 0.736427 0.0144078 0.0155573
0 0.0346352 0.156089 0.0627561 0.0287899
0 0.402796 0.674763 0.0127028 0.0168864
0 0.621354 0.710424 0.0419748 0.0609924
0 0.542888 0.870227 0.0118619 0.0177357
0 0.320595 0.564049 0.0135054 0.0175971
0 0.283964 0.552942 0.0147894 0.016436
0 0.288469 0.288138 0.0369425 0.0236077
0 0.531091 0.854119 0.0153949 0.0159204
0 0.555736 0.905595 0.0116552 0.0203958
0 0.567404 0.890698 0.00691345 0.0189371
0 0.624991 0.983973 0.016449 0.0233539
0 0.338203 0.591912 0.0145857 0.0130786
0 0.391425 0.639994 0.0139128 0.0175806
0 0.486503 0.89427 0.00808243 0.0273909
0 0.633632 0.982497 0.0284032 0.0215399
0 0.754544 0.914733 0.0213029 0.0217178
0 0.418515 0.80469 0.0161764 0.0262448
0 0.673034 0.79004 0.00979538 0.0155653
0 0.629666 0.983671 0.0267123 0.0235876
0 0.344888 0.644516 0.00942139 0.0124289
0 0.626704 0.722486 0.032054 0.0362523
0 0.382045 0.614455 0.015294 0.0176642
0 0.323831 0.616207 0.0090431 0.0180818
0 0.758027 0.917746 0.0282022 0.027514
0 0.353322 0.610125 0.013934 0.0131589
0 0.529391 0.876443 0.0147963 0.0185487
0 0.363906 0.652674 0.00813202 0.0127438
0 0.477985 0.804028 0.0154479 0.0166443
