0 0.0934428 0.327917 0.0535618 0.0466372
0 0.401795 0.76203 0.0274902 0.0351547
0 0.443339 0.835472 0.0422466 0.0601352
0 0.305114 0.597869 0.0327538 0.0475272
0 0.156529 0.384906 0.0501842 0.0521736
0 0.337045 0.65799 0.0379398 0.0629303
0 0.264055 0.531182 0.0465239 0.0715843
0 0.245408 0.850295 0.0109848 0.0184088
0 0.238067 0.480305 0.0318697 0.0404155
0 0.200867 0.435435 0.0466461 0.052933
0 0.331726 0.986674 0.0157854 0.0190552
0 0.328272 0.924348 0.011957 0.0239621
0 0.265943 0.831818 0.00882183 0.0193974
0 0.278498 0.879326 0.0149632 0.0167122
0 0.0339651 0.552963 0.0147912 0.0167243
0 0.293027 0.870232 0.0116621 0.0178806
0 0.305718 0.905922 0.0114331 0.0195717
0 0.152835 0.674838 0.0127165 0.0169943
0 0.211166 0.736427 0.0142204 0.0155063
0 0.0154848 0.404027 0.0309068 0.0474094
0 0.281237 0.854124 0.0154916 0.0159161
0 0.0705628 0.564088 0.0132683 0.0176802
0 0.0388003 0.287976 0.0372944 0.0231827
0 0.317467 0.89072 0.00696163 0.0191496
0 0.372293 0.712186 0.0444891 0.0581848
0 0.375302 0.984021 0.0173819 0.0240262
0 0.141376 0.640042 0.0145734 0.0179667
0 0.0885077 0.591924 0.0151403 0.0132458
0 0.236375 0.894042 0.00816711 0.0273111
0 0.383026 0.982991 0.0297096 0.0232892
0 0.16903 0.804611 0.0159684 0.026989
0 0.505643 0.914897 0.0236102 0.0224417
0 0.376276 0.722417 0.0361549 0.0374731
0 0.131977 0.614391 0.0155136 0.0178792
0 0.197022 0.77827 0.0155157 0.018515
0 0.279457 0.87637 0.0149346 0.0183041
0 0.308908 0.946044 0.00986786 0.0109831
0 0.423449 0.790331 0.0110474 0.0158334
0 0.227694 0.803817 0.0159539 0.0164542
0 0.484894 0.894066 0.0107346 0.0114722
