0 0.906145 0.432728 0.016333 0.0227499
0 0.942972 0.0335581 0.0210484 0.0182105
0 0.888607 0.394505 0.0184605 0.0223064
0 0.982634 0.55131 0.0170578 0.0174294
0 0.946345 0.477872 0.0224365 0.0226062
0 0.932817 0.41568 0.0225034 0.0242608
0 0.951235 0.522229 0.0184219 0.0179107
0 0.984296 0.02341 0.024595 0.0175131
0 0.921844 0.45581 0.0163979 0.0214622
0 0.949612 0.229879 0.0183728 0.0370364
0 0.987289 0.474993 0.0152515 0.0221289
0 0.872188 0.0984683 0.0174693 0.0170823
0 0.65093 0.204158 0.00870163 0.0192999
0 0.132027 0.58586 0.0234353 0.00703361
0 0.0521704 0.60526 0.0120296 0.00755997
0 0.985355 0.118411 0.0282968 0.0161676
0 0.166618 0.590565 0.0166019 0.00716087
0 0.204561 0.588756 0.0183097 0.00923401
0 0.0971251 0.597236 0.0151131 0.00575874
0 0.239939 0.588475 0.0302859 0.00878654
0 0.0102036 0.604261 0.0157622 0.0100227
0 0.294962 0.59591 0.0188947 0.00522125
0 0.988735 0.419528 0.0219327 0.0222058
