0 0.726167 0.689409 0.015155 0.025303
0 0.961662 0.959463 0.0264098 0.0210126
0 0.787674 0.791483 0.0151016 0.0177539
0 0.740684 0.815291 0.0162183 0.0147295
0 0.793815 0.703274 0.0148932 0.0172559
0 0.845583 0.745045 0.0191051 0.0213257
0 0.789143 0.831733 0.0149977 0.0178555
0 0.758009 0.863072 0.0150265 0.0178726
0 0.846556 0.199211 0.00850983 0.0163155
0 0.757248 0.300152 0.0162001 0.0343534
0 0.763867 0.0765733 0.00852905 0.0269599
0 0.769335 0.465107 0.00863312 0.0228354
0 0.810954 0.196962 0.00923492 0.0219264
0 0.79798 0.12872 0.00740311 0.0172799
0 0.868518 0.158796 0.00887848 0.0146458
0 0.593871 0.840305 0.0261301 0.0340848
0 0.790096 0.398057 0.00796051 0.023206
0 0.983818 0.833088 0.0103152 0.0126083
0 0.827115 0.0449023 0.0166507 0.0376316
0 0.761107 0.166754 0.0102371 0.0305705
0 0.675323 0.488141 0.0101648 0.0190634
0 0.867793 0.192548 0.00733704 0.0138873
0 0.764676 0.986984 0.0178954 0.0154837
0 0.725628 0.16666 0.0110403 0.0103509
0 0.787459 0.36224 0.00729309 0.0201064
0 0.786337 0.23287 0.0133722 0.0250792
0 0.718623 0.10002 0.00854172 0.0260303
0 0.842291 0.174884 0.00703644 0.0185393
0 0.765072 0.590824 0.00940643 0.0165028
0 0.812012 0.542543 0.0160141 0.00723068
0 0.751992 0.00944879 0.0248183 0.0187702
0 0.642016 0.173416 0.00988037 0.0233841
0 0.826086 0.0956584 0.00866043 0.0219724
0 0.850989 0.126868 0.0110645 0.00896694
0 0.801602 0.236529 0.0157713 0.0247036
0 0.830499 0.249593 0.00773682 0.00936405
0 0.833436 0.575197 0.00638367 0.0116259
0 0.713591 0.742846 0.0177939 0.00539856
0 0.670633 0.445021 0.00840179 0.0147496
