0 0.487989 0.518181 0.042424 0.0556543
0 0.346678 0.778423 0.0369931 0.0530371
0 0.747448 0.248114 0.0539684 0.0417203
0 0.556271 0.431691 0.0372763 0.0358205
0 0.950943 0.134846 0.047254 0.024303
0 0.697312 0.301884 0.0455676 0.0346986
0 0.889273 0.165719 0.0292639 0.0160846
0 0.518343 0.471629 0.0202709 0.020752
0 0.438305 0.578766 0.0207692 0.0235654
0 0.648116 0.328186 0.0163074 0.0155186
0 0.788257 0.224007 0.0246686 0.0164832
0 0.634236 0.351159 0.023838 0.0227586
0 0.436166 0.583529 0.018942 0.0243518
0 0.630484 0.349725 0.0220406 0.0216286
0 0.693201 0.482565 0.016189 0.019111
0 0.600194 0.381281 0.0175859 0.0190166
