0 0.3484 0.202372 0.048378 0.0393653
0 0.631881 0.598787 0.0320816 0.0535966
0 0.747257 0.901088 0.0126762 0.0174019
0 0.713965 0.853319 0.015582 0.0209741
0 0.525592 0.733967 0.0168343 0.0176883
0 0.352986 0.394121 0.0205118 0.0238554
0 0.174368 0.0933015 0.0539344 0.0380902
0 0.527925 0.419751 0.0387244 0.0583209
0 0.492874 0.363977 0.0378541 0.0560571
0 0.418134 0.263406 0.0484514 0.0509025
0 0.69918 0.71096 0.0342644 0.0548517
0 0.593505 0.527979 0.040255 0.0520973
0 0.565273 0.742031 0.0161855 0.0202107
0 0.447161 0.568747 0.0196946 0.0216153
0 0.791048 0.93941 0.0114507 0.0192764
0 0.443097 0.604403 0.0161685 0.0191257
0 0.619691 0.805685 0.0167554 0.0269754
0 0.57837 0.770972 0.0168204 0.0232275
0 0.805151 0.967201 0.0106363 0.0186153
0 0.461131 0.311677 0.0404644 0.0424517
0 0.103341 0.054949 0.0618156 0.0314016
0 0.740026 0.987494 0.0141235 0.0242126
0 0.757628 0.883419 0.0134283 0.0185005
0 0.573051 0.881691 0.00884071 0.0148312
0 0.581302 0.826237 0.0134048 0.019877
0 0.612372 0.754527 0.0149338 0.0260338
0 0.640791 0.880861 0.0113808 0.0201947
0 0.541856 0.722397 0.0128432 0.0148318
0 0.640913 0.914114 0.0124707 0.0169257
0 0.778175 0.903516 0.0108144 0.0178525
0 0.499482 0.674453 0.0145776 0.0119659
0 0.605508 0.864057 0.00982162 0.0164752
0 0.588994 0.871722 0.0095398 0.0148544
0 0.499478 0.697749 0.0175026 0.0152573
0 0.235118 0.128397 0.0533761 0.0394912
0 0.614789 0.912684 0.0110199 0.0202194
0 0.628733 0.931989 0.0124057 0.0221497
0 0.504011 0.717227 0.0196514 0.0168573
0 0.559494 0.473257 0.027992 0.0459119
0 0.591783 0.892238 0.00978584 0.0124777
0 0.524654 0.76556 0.011105 0.0145395
0 0.117061 0.249007 0.018441 0.0155155
0 0.302671 0.166157 0.0384956 0.0274155
0 0.321306 0.422486 0.016402 0.0143478
0 0.845537 0.955625 0.0155005 0.0238232
0 0.736216 0.944429 0.0156741 0.0213663
0 0.499955 0.700049 0.0194693 0.0213876
0 0.404293 0.556944 0.0177284 0.00953766
0 0.480635 0.649884 0.0104221 0.0156715
0 0.465316 0.634888 0.0155261 0.0178426
0 0.538903 0.78658 0.0101846 0.0147925
0 0.80782 0.993023 0.00810425 0.0132112
0 0.475944 0.675735 0.0181513 0.0174893
0 0.667567 0.738457 0.0203717 0.0083638
0 0.586074 0.728642 0.0101057 0.0189395
0 0.565182 0.865372 0.00712311 0.00684555
0 0.561738 0.813412 0.0133504 0.0138495
0 0.381774 0.503848 0.0162952 0.0166841
0 0.473185 0.676514 0.0167186 0.0160394
0 0.343862 0.451545 0.0137273 0.0152369
0 0.468711 0.634264 0.0157386 0.017894
0 0.839639 0.946265 0.0289302 0.0421239
0 0.369513 0.51803 0.0111637 0.0163841
0 0.844142 0.952057 0.0195752 0.0309845
0 0.574766 0.794636 0.0104367 0.0139185
0 0.0067167 0.163995 0.0131738 0.0090348
0 0.566871 0.742411 0.0117673 0.0190497
0 0.536057 0.690855 0.0170682 0.0151678
0 0.778565 0.817723 0.0151718 0.0202231
