0 0.231461 0.63594 0.0258543 0.0109673
0 0.0993892 0.563578 0.0208932 0.0222687
0 0.156198 0.114555 0.0601791 0.0338516
0 0.113015 0.658271 0.0271011 0.0100705
0 0.0259451 0.796751 0.025962 0.0140289
0 0.241205 0.597073 0.0314352 0.0109038
0 0.0154771 0.727992 0.0255414 0.0118932
0 0.0952915 0.75583 0.0266133 0.00773224
0 0.169458 0.650988 0.028025 0.0103163
0 0.178437 0.432452 0.023331 0.0130706
0 0.373886 0.641251 0.0182272 0.011246
0 0.212646 0.452395 0.0127983 0.0169203
0 0.00892266 0.915 0.0178453 0.0115039
0 0.00889475 0.687201 0.0177895 0.0100563
0 0.0238565 0.950787 0.0170779 0.00932709
0 0.00549174 0.977299 0.0109835 0.00960602
