0 0.508736 0.331333 0.0132588 0.0211256
0 0.496712 0.843269 0.0151949 0.0213492
0 0.52332 0.875905 0.020681 0.0196799
0 0.481729 0.605712 0.0113784 0.0217182
0 0.57737 0.0741528 0.0111151 0.0184697
0 0.47213 0.04935 0.0118463 0.0254606
0 0.476246 0.407837 0.00982719 0.0245594
0 0.535543 0.161866 0.00647842 0.0198571
0 0.52582 0.130983 0.00845642 0.0195432
0 0.538371 0.56458 0.012718 0.0183463
0 0.484207 0.0181993 0.0125452 0.0263397
0 0.518942 0.609683 0.01159 0.017929
0 0.601559 0.892976 0.0166368 0.0188889
0 0.544181 0.106355 0.00923477 0.0170253
0 0.543653 0.466265 0.0135902 0.023739
0 0.552667 0.852761 0.0131966 0.016665
0 0.501017 0.252015 0.0116997 0.0244192
0 0.471079 0.523579 0.0107239 0.0237135
0 0.555126 0.887187 0.0129234 0.0173798
0 0.476701 0.273766 0.0107562 0.0247615
0 0.450806 0.377044 0.00945969 0.0231505
0 0.523525 0.518313 0.0126054 0.0181871
0 0.456017 0.42319 0.00785042 0.0208109
0 0.466951 0.102034 0.00813324 0.0182353
0 0.528568 0.407872 0.014298 0.0287866
0 0.599425 0.469447 0.0236843 0.00760345
0 0.551471 0.933876 0.0247624 0.0218379
0 0.595437 0.253884 0.00920624 0.0112483
0 0.452107 0.584251 0.0111793 0.0267906
0 0.519341 0.542074 0.0129108 0.0195793
0 0.474649 0.335507 0.0171259 0.0294484
0 0.602232 0.303632 0.0137207 0.0122491
0 0.573267 0.242373 0.0110434 0.0161771
0 0.588216 0.32655 0.0106595 0.0109818
0 0.612467 0.0191573 0.0066362 0.0119745
0 0.704653 0.933627 0.011759 0.0109332
0 0.47675 0.124502 0.0100577 0.0161028
0 0.502724 0.47114 0.0131976 0.0267948
0 0.577675 0.0437035 0.00678284 0.00976274
0 0.576861 0.0110808 0.00727348 0.0176384
0 0.661566 0.851973 0.0110191 0.00988159
0 0.558238 0.206459 0.0104348 0.0262485
0 0.571155 0.262565 0.0112863 0.0137164
0 0.515199 0.0616469 0.0176762 0.0213912
0 0.484504 0.193868 0.014801 0.0262238
0 0.338344 0.966392 0.0265196 0.0332306
0 0.487777 0.472142 0.0122409 0.0240815
0 0.421346 0.012722 0.0174506 0.014106
0 0.613814 0.757183 0.00940979 0.00996307
0 0.525231 0.0580289 0.0160989 0.0208381
0 0.577428 0.291847 0.00767426 0.0102851
0 0.566372 0.206664 0.0155124 0.0285851
0 0.493826 0.194411 0.0164798 0.02677
0 0.523393 0.0623322 0.0171596 0.0182408
0 0.597231 0.774514 0.00949158 0.0125348
0 0.490679 0.193953 0.0214131 0.0264967
0 0.666153 0.00489591 0.0114345 0.00973488
