0 0.74724 0.151093 0.012558 0.0172886
0 0.713962 0.103254 0.0154779 0.0208951
0 0.793985 0.380678 0.00897522 0.0204211
0 0.739683 0.237083 0.0128603 0.0226743
0 0.791063 0.189385 0.0113968 0.0192067
0 0.805184 0.216999 0.0106744 0.0184153
0 0.811264 0.274146 0.0109915 0.0216386
0 0.815065 0.346509 0.0116541 0.0236414
0 0.785539 0.693073 0.0125348 0.0266188
0 0.619611 0.055781 0.0169757 0.0269782
0 0.766916 0.56823 0.0107387 0.0270622
0 0.758481 0.603187 0.0132861 0.0293288
0 0.578216 0.0212626 0.0166118 0.0228707
0 0.612705 0.00860499 0.0137196 0.01721
0 0.786879 0.293187 0.0101624 0.0228483
0 0.765215 0.269155 0.0119701 0.0216029
0 0.757591 0.133445 0.0132414 0.0185235
0 0.786991 0.727475 0.00809082 0.0200623
0 0.803575 0.420642 0.00750824 0.0217009
0 0.640801 0.130853 0.0113434 0.0202328
0 0.573104 0.131792 0.00864471 0.014338
0 0.84657 0.949203 0.00844391 0.0162704
0 0.640886 0.164068 0.012359 0.0168334
0 0.581268 0.0762425 0.0132716 0.0197658
0 0.763835 0.826623 0.00864746 0.0270766
0 0.778136 0.153537 0.0107715 0.0176844
0 0.605543 0.114188 0.00965813 0.0162565
0 0.794396 0.646905 0.0139252 0.0312668
0 0.797918 0.878712 0.00729813 0.0173264
0 0.812881 0.714211 0.00717804 0.0214825
0 0.810925 0.946968 0.00925003 0.0217908
0 0.588925 0.121676 0.00946625 0.0143301
0 0.614838 0.162717 0.0109161 0.0203644
0 0.85651 0.642087 0.00799377 0.0111847
0 0.628571 0.18172 0.0125287 0.0221127
0 0.766821 0.539292 0.00911713 0.0183012
0 0.857151 0.560373 0.0077002 0.0162376
0 0.845539 0.206037 0.0153212 0.0232258
0 0.868467 0.908831 0.00883636 0.0145621
0 0.876852 0.625014 0.0106479 0.0111465
0 0.733348 0.636119 0.0099649 0.0259976
0 0.591751 0.142245 0.00961067 0.0122639
0 0.826885 0.795327 0.0164661 0.0371179
0 0.863948 0.258622 0.013443 0.0419058
0 0.787 0.982461 0.0144241 0.0257832
0 0.832274 0.40794 0.0071347 0.01395
0 0.761043 0.917869 0.0104823 0.032839
0 0.867748 0.942581 0.00724274 0.013577
0 0.866224 0.532174 0.00929413 0.0171339
0 0.820129 0.537778 0.0124832 0.0132361
0 0.809362 0.24746 0.00914246 0.0196201
0 0.778848 0.330352 0.00875366 0.0213052
0 0.848123 0.431188 0.00794983 0.0187637
0 0.736209 0.194498 0.015546 0.0214032
0 0.71882 0.850275 0.00862183 0.0269797
0 0.828668 0.595411 0.00627258 0.0223228
0 0.808485 0.309266 0.00869934 0.0194025
0 0.852508 0.387491 0.0118718 0.0219057
0 0.647509 0.325702 0.0230396 0.0470739
0 0.801506 0.98651 0.0157509 0.023992
0 0.842326 0.924817 0.00691223 0.0184283
0 0.847369 0.60811 0.00896774 0.0125188
0 0.866097 0.706241 0.0147119 0.0253403
0 0.75402 0.756587 0.0154062 0.0251494
0 0.746295 0.755776 0.0140688 0.0262885
0 0.644087 0.311704 0.0153557 0.0186889
0 0.849179 0.387961 0.00986511 0.0223419
0 0.844736 0.203164 0.0186508 0.0294107
0 0.832601 0.410573 0.00673676 0.021013
0 0.53879 0.0366694 0.00992256 0.0143637
0 0.847324 0.612485 0.00741974 0.0150943
0 0.750773 0.757376 0.0198114 0.0249219
0 0.809728 0.311771 0.00936584 0.0224042
0 0.826146 0.845034 0.00881073 0.0232184
0 0.725658 0.916734 0.0109941 0.0104623
0 0.865007 0.709397 0.0164792 0.0323981
0 0.630087 0.111052 0.00743072 0.012528
0 0.565007 0.115388 0.00694817 0.00667217
0 0.561762 0.0635398 0.0131021 0.0134992
0 0.850994 0.876873 0.010986 0.00884674
0 0.642064 0.92332 0.0097937 0.0232452
0 0.751724 0.752222 0.0155789 0.0221597
0 0.791346 0.983506 0.0231656 0.0258173
0 0.524539 0.015456 0.0111856 0.0148833
0 0.683208 0.674973 0.0119058 0.0229602
0 0.825485 0.152081 0.011543 0.0261929
0 0.691886 0.416103 0.00835098 0.0114021
0 0.883902 0.651198 0.0156207 0.00685913
0 0.830691 0.472399 0.0105884 0.0262411
0 0.86585 0.3556 0.0108832 0.0174535
