0 0.234249 0.773657 0.0246953 0.0176262
0 0.193047 0.783602 0.0209669 0.0181548
0 0.849513 0.563537 0.0206259 0.0222116
0 0.1221 0.848476 0.0172871 0.0169412
0 0.981218 0.635909 0.0256209 0.0108937
0 0.505696 0.17666 0.0725963 0.0262537
0 0.749947 0.842977 0.0257666 0.0131863
0 0.551113 0.774816 0.0327165 0.0130307
0 0.862988 0.658255 0.0272104 0.010042
0 0.906132 0.114541 0.0601556 0.0339102
0 0.776042 0.796678 0.0256458 0.0137695
0 0.406943 0.77416 0.0317767 0.011002
0 0.426246 0.819771 0.028739 0.0138841
0 0.76517 0.727736 0.0257883 0.011409
0 0.511445 0.935748 0.0269128 0.00904114
0 0.647302 0.636657 0.0337617 0.0101441
0 0.300814 0.848029 0.0276843 0.0124426
0 0.289474 0.820995 0.0295252 0.0122736
0 0.236873 0.868262 0.0306006 0.0152727
0 0.414313 0.901727 0.0231931 0.0140179
0 0.165142 0.16826 0.0695968 0.0280843
0 0.52648 0.649109 0.0435717 0.012567
0 0.84492 0.755783 0.0272794 0.00757019
0 0.919727 0.651125 0.0282343 0.0103069
0 0.199548 0.97959 0.0185088 0.036261
0 0.675002 0.821752 0.0199442 0.0100592
0 0.348941 0.799998 0.031382 0.0118532
0 0.599822 0.815208 0.035742 0.0118271
0 0.928392 0.432431 0.0232169 0.013009
0 0.758152 0.914688 0.0195905 0.010672
0 0.55494 0.837804 0.021355 0.00786285
0 0.728606 0.683136 0.0260593 0.00882507
0 0.479476 0.719626 0.0265958 0.0167755
0 0.696105 0.942869 0.0159509 0.0115543
0 0.622638 0.748793 0.0302264 0.0069281
0 0.636956 0.952367 0.0160757 0.00877289
0 0.962461 0.452194 0.012894 0.0169743
0 0.70023 0.776021 0.0187012 0.0130154
0 0.987863 0.597357 0.0240598 0.0100508
0 0.333279 0.970386 0.0378401 0.0331406
0 0.653201 0.990009 0.0169876 0.0077832
0 0.629803 0.71671 0.0202728 0.00560333
0 0.77463 0.95062 0.0151749 0.00898819
0 0.328032 0.96604 0.026609 0.0268993
0 0.361052 0.863194 0.0274823 0.0124539
0 0.754466 0.686421 0.0269368 0.00932709
0 0.338291 0.970663 0.0285552 0.0297711
0 0.753898 0.977997 0.013085 0.00852447
0 0.475925 0.85948 0.0217349 0.00946869
0 0.323829 0.972493 0.0193015 0.0264795
0 0.758463 0.958951 0.0184477 0.0114041
