0 0.233764 0.0624115 0.0164286 0.0167893
0 0.466287 0.232062 0.0160599 0.0183031
0 0.340712 0.135864 0.0203355 0.0199934
0 0.277771 0.110172 0.0189861 0.0225226
0 0.37846 0.15618 0.0192439 0.0185234
0 0.410855 0.171023 0.0143771 0.0173509
0 0.302116 0.087361 0.0145046 0.016063
0 0.0102619 0.0500965 0.0204624 0.0165656
0 0.19261 0.0306696 0.0140226 0.0190466
0 0.455887 0.202628 0.0133775 0.0126059
0 0.213731 0.0108883 0.0113905 0.0108296
0 0.275621 0.0667788 0.0191339 0.0197464
0 0.123327 0.00473069 0.0166848 0.00946138
0 0.190888 0.0598995 0.0181647 0.0131053
0 0.189566 0.0253202 0.0152315 0.013958
0 0.2582 0.0508805 0.0136597 0.0135631
0 0.159112 0.0118498 0.0232626 0.0218333
0 0.375877 0.123589 0.0126838 0.00594929
0 0.247974 0.00447877 0.00877144 0.00888259
0 0.153891 0.0248979 0.0154231 0.0195835
