0 0.306246 0.85624 0.0101538 0.0209
0 0.294555 0.895365 0.00898041 0.0226109
0 0.254516 0.905653 0.00755928 0.0189641
0 0.215618 0.791856 0.00801128 0.0215091
0 0.324782 0.159032 0.00821197 0.0201363
0 0.243667 0.737318 0.0100713 0.0194666
0 0.262103 0.325932 0.0103937 0.0330611
0 0.265694 0.603473 0.0101823 0.0236684
0 0.247753 0.361821 0.0144499 0.0290659
0 0.284464 0.123263 0.00793892 0.0254552
0 0.306892 0.507996 0.00759781 0.0195403
0 0.225386 0.856419 0.0176449 0.0191016
0 0.32742 0.460939 0.00840088 0.023093
0 0.283247 0.991218 0.00797058 0.0170917
0 0.30136 0.456383 0.0119118 0.0210466
0 0.343681 0.665878 0.0075975 0.0168384
0 0.238888 0.97532 0.0134449 0.026129
0 0.388181 0.206131 0.0152087 0.0413767
0 0.286186 0.0919055 0.00835175 0.0211615
0 0.299695 0.0613782 0.0115128 0.0197313
0 0.245379 0.454526 0.00954346 0.0252423
0 0.366565 0.33223 0.00976593 0.0168462
0 0.343653 0.373576 0.00815277 0.0186037
0 0.289541 0.187774 0.00665787 0.0221349
0 0.331764 0.123334 0.00943085 0.0318562
0 0.348404 0.641144 0.0080236 0.0243927
0 0.29795 0.158186 0.00778618 0.0210328
0 0.351201 0.407785 0.00739471 0.0174968
0 0.301232 0.953071 0.013161 0.0276198
0 0.281755 0.0331644 0.00904594 0.0225405
0 0.381978 0.39763 0.00917969 0.0122427
0 0.371908 0.469686 0.0137393 0.0291696
0 0.310864 0.806627 0.00764011 0.0202473
0 0.37455 0.305657 0.0101889 0.0167999
0 0.324527 0.432468 0.00667297 0.0190779
0 0.204096 0.738893 0.00810692 0.0239664
0 0.32133 0.0949269 0.0109308 0.0241905
0 0.388844 0.421852 0.00941956 0.0133562
0 0.344493 0.368474 0.00804932 0.0145271
0 0.222574 0.91415 0.00874504 0.0250829
0 0.353265 0.683456 0.00815056 0.0159172
0 0.266388 0.814723 0.0153568 0.0395905
0 0.235594 0.884215 0.00742588 0.00779388
0 0.232335 0.666978 0.0162984 0.0353392
0 0.333443 0.896974 0.00895172 0.012963
0 0.215728 0.251264 0.0143161 0.0216791
0 0.352425 0.171907 0.00902267 0.0261866
0 0.370741 0.526051 0.00808044 0.0167789
0 0.306469 0.393387 0.0115584 0.0214391
0 0.328866 0.0576714 0.00868774 0.0177773
0 0.314198 0.753025 0.0148769 0.0267032
0 0.27875 0.22695 0.00865437 0.0240432
0 0.358668 0.599458 0.00842422 0.018568
0 0.245991 0.514945 0.0126244 0.0281549
0 0.261104 0.513759 0.0129341 0.0334534
0 0.372854 0.668306 0.0105176 0.0152504
0 0.328827 0.192058 0.00758881 0.016791
0 0.349737 0.148277 0.00883545 0.0149267
0 0.286078 0.384298 0.0151019 0.0257932
0 0.361203 0.368549 0.0106514 0.00952347
0 0.345437 0.306313 0.0211639 0.0148381
0 0.27976 0.81345 0.0118475 0.0373526
0 0.284462 0.387448 0.0124153 0.0279803
0 0.263596 0.00734342 0.0113889 0.0146868
0 0.295056 0.745257 0.0123025 0.0238016
0 0.295921 0.749079 0.0129279 0.0201587
0 0.371563 0.669713 0.0083667 0.0131952
0 0.379197 0.347008 0.00946945 0.0183449
0 0.274163 0.814371 0.0145853 0.038665
0 0.33633 0.228929 0.013542 0.0211408
0 0.235143 0.868656 0.00824833 0.0100681
