0 0.619545 0.367792 0.138698 0.0380373
0 0.498266 0.202291 0.0719985 0.0277235
0 0.472132 0.140899 0.0946411 0.0374962
0 0.830429 0.654609 0.0767851 0.037475
0 0.656845 0.0977788 0.245379 0.0615753
0 0.652059 0.453749 0.0815719 0.0498279
0 0.833073 0.420068 0.0832306 0.0267107
0 0.667602 0.174755 0.251457 0.0656033
0 0.671611 0.208054 0.236432 0.0384596
0 0.806231 0.613795 0.0693961 0.0403741
0 0.830918 0.394341 0.0748866 0.0318448
0 0.648491 0.210716 0.17663 0.03402
0 0.653628 0.426089 0.0538908 0.0262556
0 0.811298 0.61837 0.0689944 0.0506877
0 0.833227 0.39927 0.0800503 0.0244243
0 0.652886 0.586511 0.0139946 0.0280733
0 0.649662 0.430579 0.0588826 0.031879
0 0.818669 0.629651 0.0689233 0.0420087
