0 0.0561905 0.856229 0.00998384 0.0208667
0 0.0445863 0.895361 0.00896116 0.0226147
0 0.012044 0.325704 0.0108406 0.0329103
0 0.0747769 0.159052 0.00823484 0.0201843
0 0.0156624 0.603562 0.010564 0.0240112
0 0.034398 0.123113 0.00809592 0.0252386
0 0.0569443 0.508025 0.0077766 0.019461
0 0.00454456 0.905683 0.00818004 0.0183923
0 0.0774109 0.461007 0.00857613 0.0230647
0 0.139089 0.206301 0.0169801 0.0416363
0 0.0332791 0.991262 0.00807087 0.0170387
0 0.0495631 0.0613226 0.0114943 0.019712
0 0.0358528 0.0914853 0.00785067 0.0200186
0 0.0514247 0.456422 0.0118727 0.0210857
0 0.0935897 0.665807 0.00778601 0.0168631
0 0.0285686 0.226809 0.00772399 0.0236808
0 0.0478162 0.158153 0.00768675 0.0209093
0 0.0818159 0.123823 0.00920624 0.0311106
0 0.0936593 0.372872 0.00830273 0.0201565
0 0.0513227 0.952361 0.0131077 0.0261136
0 0.121773 0.469601 0.0137754 0.0292577
0 0.116697 0.332229 0.00988008 0.0169341
0 0.00307495 0.357913 0.00614989 0.021308
0 0.101598 0.407438 0.00790935 0.0185719
0 0.0984187 0.641124 0.00801817 0.024498
0 0.132007 0.397676 0.00924187 0.0125244
0 0.0745148 0.433805 0.0071801 0.021159
0 0.0819913 0.119817 0.0108531 0.0284269
0 0.0317767 0.03316 0.0089585 0.022561
0 0.124521 0.305674 0.0102488 0.0168138
0 0.103277 0.68345 0.00814819 0.0158516
0 0.0944499 0.369755 0.00826103 0.0167911
0 0.138836 0.421852 0.00949474 0.0136091
0 0.0712527 0.0949088 0.0110188 0.023861
0 0.0834333 0.896944 0.00896231 0.0129208
0 0.0613484 0.806553 0.00793064 0.0214011
0 0.01395 0.00731547 0.0102363 0.0146309
0 0.0561042 0.393395 0.0118224 0.0214204
0 0.0254176 0.813364 0.0184238 0.0391327
0 0.128974 0.346734 0.00927837 0.0169931
0 0.029387 0.813886 0.0126492 0.0383742
0 0.0165939 0.815033 0.0145167 0.0410449
0 0.0634333 0.753355 0.0153201 0.0278314
0 0.102423 0.171854 0.00907795 0.0261936
0 0.0720007 0.0978489 0.0106111 0.0191595
0 0.0347985 0.386532 0.0139811 0.0291232
0 0.00944518 0.520558 0.0178889 0.0474355
0 0.0504655 0.956122 0.0139275 0.0351404
0 0.111197 0.368545 0.0106338 0.00946228
0 0.108715 0.599534 0.00848602 0.0185219
0 0.122865 0.668445 0.0103545 0.0147739
0 0.0450977 0.74564 0.0121591 0.0241302
0 0.124859 0.0805067 0.0103539 0.0159217
0 0.11908 0.12171 0.0138907 0.0159075
0 0.0324233 0.387264 0.00903131 0.0302801
0 0.0864305 0.228878 0.0130513 0.0209626
0 0.0790269 0.0575632 0.00906362 0.0179126
0 0.0873039 0.0166148 0.00652493 0.0154523
0 0.0952732 0.30621 0.0216156 0.0148667
0 0.0519905 0.635568 0.0152892 0.0250639
