0 0.343845 0.655105 0.0240356 0.0200142
0 0.306241 0.106183 0.0101324 0.0209415
0 0.405941 0.590034 0.0219608 0.020536
0 0.278509 0.542141 0.0215038 0.0224139
0 0.303569 0.473773 0.0209176 0.0239637
0 0.475323 0.72999 0.0294275 0.0183865
0 0.267075 0.634343 0.0176557 0.0158017
0 0.311117 0.529629 0.0140721 0.0180077
0 0.357662 0.584922 0.0250091 0.0228534
0 0.254505 0.155745 0.00767269 0.0191851
0 0.401352 0.856869 0.0168787 0.0243202
0 0.450954 0.645059 0.025584 0.0251701
0 0.305748 0.436191 0.016993 0.0239047
0 0.294599 0.145364 0.0090424 0.0226458
0 0.42864 0.692925 0.0241447 0.0192159
0 0.381688 0.549271 0.0208237 0.0197771
0 0.254787 0.414266 0.0113503 0.0238007
0 0.215676 0.0418715 0.00785316 0.0213202
0 0.283235 0.242434 0.00788391 0.0194009
0 0.307317 0.654187 0.0182055 0.0145212
0 0.434855 0.597676 0.0123097 0.0165356
0 0.249561 0.551871 0.0142723 0.017117
0 0.531153 0.62709 0.0135484 0.0112492
0 0.238876 0.225396 0.0141864 0.0263397
0 0.325224 0.410663 0.0117721 0.0138684
0 0.22542 0.106523 0.0176203 0.019171
0 0.861852 0.935167 0.0299228 0.0198117
0 0.310952 0.61208 0.026895 0.0183218
0 0.301526 0.20407 0.0131084 0.0292783
0 0.311082 0.057292 0.00771202 0.0209733
0 0.248111 0.603269 0.0144373 0.015382
0 0.250727 0.512429 0.012914 0.0263091
0 0.490566 0.698233 0.0183105 0.0126523
0 0.562364 0.640798 0.0116084 0.0106229
0 0.445571 0.892053 0.0143779 0.0120599
0 0.915982 0.850996 0.016965 0.0107117
0 0.222562 0.163319 0.00924675 0.0259789
0 0.102568 0.604282 0.0282606 0.0334811
0 0.270497 0.443241 0.0106509 0.0195692
0 0.235656 0.134133 0.00742546 0.0078376
0 0.266002 0.064868 0.0144119 0.0387555
0 0.333463 0.147024 0.00917336 0.0135519
0 0.627134 0.742365 0.0158803 0.00969971
0 0.0180807 0.724086 0.0280894 0.0148688
0 0.257439 0.474869 0.0145737 0.01612
0 0.256743 0.466808 0.0160401 0.0215719
0 0.247183 0.46615 0.01179 0.0179286
0 0.785739 0.981277 0.0165732 0.00876755
0 0.235286 0.118871 0.00808308 0.010649
0 0.182636 0.261886 0.00915394 0.0377976
0 0.314965 0.00785806 0.0123745 0.0157161
0 0.274984 0.0647261 0.0152481 0.0380502
0 0.357449 0.500315 0.0190427 0.02055
0 0.347455 0.506021 0.0277618 0.0229878
