0 0.965868 0.629968 0.0157681 0.0241968
0 0.793083 0.426748 0.0199152 0.0195924
0 0.879969 0.680235 0.0151608 0.0197292
0 0.754081 0.121919 0.0309894 0.0407779
0 0.675559 0.0255394 0.0426471 0.0431249
0 0.860002 0.306606 0.0354761 0.0553809
0 0.847865 0.56337 0.0125305 0.024982
0 0.670803 0.148079 0.0172 0.0212474
0 0.827387 0.248887 0.0374826 0.0571627
0 0.721114 0.0759468 0.0445677 0.05029
0 0.911429 0.714572 0.0140768 0.0245428
0 0.821799 0.451093 0.0168558 0.0202322
0 0.916424 0.67482 0.0180759 0.0223956
0 0.844932 0.516394 0.0145071 0.0180421
0 0.990421 0.679884 0.0143288 0.0225381
0 0.643899 0.281064 0.0122554 0.0164365
0 0.960711 0.478228 0.0354265 0.0442708
0 0.817462 0.506968 0.0174181 0.0214626
0 0.823789 0.539502 0.0116904 0.0183836
0 0.793176 0.191403 0.0395602 0.0597628
0 0.991588 0.720262 0.00946304 0.0223862
0 0.93022 0.424646 0.0447342 0.0581483
0 0.837535 0.588555 0.0176489 0.0198126
0 0.751322 0.474268 0.0169629 0.0175986
0 0.754068 0.437185 0.0156705 0.0218866
0 0.895872 0.366158 0.0410532 0.0574129
0 0.760235 0.455974 0.0110934 0.0185526
0 0.873769 0.614157 0.0179681 0.024487
0 0.85489 0.654571 0.0137936 0.0226334
0 0.996637 0.654355 0.00656982 0.0222095
0 0.838574 0.528225 0.0116702 0.0158872
0 0.829865 0.642356 0.0125015 0.0173654
0 0.667183 0.333429 0.0147134 0.0168269
0 0.793209 0.525236 0.0100063 0.0118362
0 0.85332 0.648937 0.0155573 0.0329094
0 0.837928 0.531092 0.00963257 0.0166985
0 0.89313 0.604869 0.0240135 0.0230562
0 0.885361 0.605979 0.0241376 0.0247894
