0 0.965499 0.791821 0.00769897 0.0213724
0 0.975266 0.856285 0.0180453 0.0191501
0 0.969836 0.591519 0.00689758 0.0202399
0 0.988554 0.975231 0.0127544 0.0262866
0 0.995245 0.361862 0.00900574 0.0282868
0 0.972566 0.913284 0.00909515 0.0259756
0 0.993674 0.737417 0.0101367 0.0187599
0 0.99475 0.454726 0.00946396 0.0250502
0 0.954027 0.738861 0.00804474 0.0241086
0 0.982059 0.666826 0.0162512 0.0351508
0 0.965414 0.25122 0.0149129 0.0215462
0 0.985284 0.884181 0.00753036 0.0085733
0 0.922338 0.52905 0.0102579 0.0344447
0 0.927469 0.495788 0.0106903 0.0155176
0 0.994823 0.517966 0.0100745 0.0229359
0 0.995559 0.535372 0.00800842 0.0400414
