0 0.124833 0.432582 0.106149 0.0443851
0 0.706465 0.133262 0.041255 0.017062
0 0.851054 0.0647862 0.0324664 0.0166047
0 0.85595 0.135382 0.0287436 0.0118989
0 0.396001 0.63282 0.0867523 0.0259663
0 0.905807 0.214937 0.0444922 0.0205325
0 0.800203 0.387354 0.0332227 0.0344479
0 0.779844 0.00437936 0.0449261 0.00875872
0 0.972566 0.498448 0.0547177 0.0350252
0 0.971996 0.492924 0.0560075 0.0275092
0 0.993771 0.116106 0.0120572 0.0112576
0 0.11525 0.845925 0.0255421 0.0368277
0 0.929871 0.0608425 0.0217523 0.00908321
