0 0.458101 0.104605 0.0492446 0.139751
0 0.209199 0.0813884 0.0607531 0.067769
0 0.931329 0.311979 0.0180301 0.0437646
0 0.509088 0.59555 0.0191582 0.036102
0 0.435705 0.212855 0.0212244 0.0427886
0 0.692205 0.0669754 0.0177484 0.040087
0 0.300539 0.234835 0.141398 0.211597
0 0.98689 0.711094 0.0261951 0.0439355
0 0.345039 0.307824 0.0457501 0.0599506
0 0.71045 0.0602157 0.0156952 0.0266021
0 0.265242 0.195918 0.0707906 0.128416
0 0.758164 0.128692 0.0233861 0.0266986
0 0.0909996 0.200821 0.0556505 0.0666465
0 0.456754 0.517744 0.0244897 0.0184798
0 0.761578 0.129398 0.020657 0.0264352
0 0.00839933 0.255491 0.0167987 0.0643562
