0 0.068869 0.141797 0.0334032 0.0240485
0 0.0384585 0.271691 0.0439261 0.0201185
0 0.517285 0.5909 0.0356755 0.0617039
0 0.650585 0.142685 0.0263474 0.0173284
0 0.63749 0.110281 0.0215845 0.0169295
0 0.75519 0.0118199 0.0165967 0.0198725
0 0.786718 0.0751953 0.0207523 0.0157253
0 0.857112 0.0529287 0.0261792 0.0183269
0 0.691307 0.0234953 0.0238797 0.00867539
0 0.630897 0.0294869 0.0330019 0.0130146
0 0.668928 0.228141 0.0191507 0.015838
0 0.0156993 0.0980786 0.0313986 0.0196796
0 0.00337995 0.179498 0.00655249 0.0194281
0 0.665763 0.0497688 0.0198862 0.0101406
0 0.0165994 0.0925016 0.0331989 0.0305851
0 0.874322 0.27288 0.0288199 0.0163264
0 0.662842 0.0500597 0.0250131 0.0114001
