0 0.480625 0.81875 0.01125 0.015
0 0.43375 0.800625 0.0275 0.02375
0 0.633125 0.8625 0.01625 0.0175
0 0.448125 0.80625 0.03125 0.025
0 0.604375 0.860625 0.01375 0.01375
0 0.501875 0.8225 0.00875 0.015
0 0.02 0.061875 0.04 0.01875
0 0.49125 0.82 0.01 0.015
0 0.170625 0.38875 0.03125 0.0325
0 0.02625 0.539375 0.045 0.01625
0 0.40375 0.79375 0.0175 0.015
0 0.42375 0.79 0.0325 0.025
0 0.7175 0.673125 0.015 0.02375
0 0.236875 0.42875 0.02625 0.02
0 0.2475 0.43875 0.025 0.0225
0 0.281875 0.47625 0.02375 0.02
