0 0.735 0.798125 0.015 0.01875
0 0.73 0.80125 0.015 0.02
0 0.76625 0.845625 0.0225 0.02125
0 0.936875 0.9525 0.03625 0.0675
0 0.811875 0.885 0.02125 0.025
0 0.411875 0.320625 0.02625 0.03625
0 0.77625 0.84 0.0175 0.02
0 0.804375 0.8925 0.03125 0.0325
0 0.701875 0.7475 0.02375 0.03
0 0.824375 0.921875 0.02625 0.03125
0 0.694375 0.75125 0.01625 0.02
0 0.853125 0.855 0.04125 0.0475
0 0.715 0.77125 0.015 0.0175
0 0.885625 0.88875 0.02625 0.0325
0 0.71125 0.775625 0.0175 0.02375
0 0.25 0.104375 0.0475 0.06625
0 0.906875 0.919375 0.02125 0.02875
0 0.941875 0.9475 0.04125 0.0725
