0 0.12 0.279375 0.0275 0.03375
0 0.39625 0.695625 0.03 0.02375
0 0.04125 0.37125 0.0475 0.055
0 0.439375 0.72 0.01875 0.02
0 0.006875 0.45875 0.01125 0.0175
0 0.57375 0.74875 0.0125 0.0175
0 0.01625 0.45875 0.0075 0.0125
0 0.545625 0.7475 0.01375 0.0125
0 0.42375 0.640625 0.01 0.00625
0 0.2625 0.440625 0.02 0.02125
0 0.82 0.714375 0.0525 0.01125
0 0.369375 0.683125 0.03875 0.03125
0 0.3825 0.689375 0.03 0.02625
0 0.66625 0.563125 0.015 0.02125
0 0.17625 0.27875 0.0325 0.03
0 0.16375 0.278125 0.0175 0.01625
0 0.1825 0.319375 0.02 0.01875
