0 0.728125 0.93375 0.04625 0.01
0 0.754375 0.92625 0.00875 0.0125
0 0.723125 0.453125 0.04875 0.03125
0 0.7525 0.960625 0.0075 0.01125
0 0.64625 0.64875 0.015 0.0225
0 0.71625 0.96 0.01 0.0175
0 0.680625 0.711875 0.01625 0.03125
0 0.55625 0.35625 0.01 0.025
0 0.88125 0.780625 0.025 0.03375
0 0.56 0.41875 0.01 0.02
0 0.658125 0.79625 0.03625 0.015
0 0.56375 0.276875 0.0175 0.02875
0 0.6875 0.805625 0.0225 0.01375
0 0.621875 0.20125 0.03625 0.0675
0 0.585625 0.16125 0.01375 0.0275
0 0.8325 0.465625 0.02 0.04125
0 0.940625 0.7725 0.01875 0.02
