0 0.780625 0.58375 0.03875 0.045
0 0.7225 0.645 0.045 0.01
0 0.556875 0.2125 0.02375 0.0125
0 0.66125 0.65 0.0075 0.0125
0 0.5525 0.235 0.03 0.01
0 0.6425 0.654375 0.02 0.00875
0 0.66875 0.43 0.0125 0.015
0 0.6875 0.67125 0.0775 0.0225
0 0.66 0.45125 0.0225 0.01
0 0.74375 0.6725 0.0225 0.01
0 0.65625 0.51 0.065 0.02
0 0.866875 0.493125 0.02625 0.02875
0 0.829375 0.61625 0.05875 0.06
0 0.541875 0.06 0.00875 0.0175
0 0.5475 0.1275 0.01 0.02
0 0.865625 0.504375 0.01125 0.01125
0 0.91625 0.48875 0.0375 0.0325
0 0.943125 0.565625 0.02125 0.02125
