0 0.77875 0.65125 0.0125 0.0275
0 0.659375 0.80625 0.02625 0.0325
0 0.395625 0.860625 0.03375 0.03625
0 0.193125 0.3525 0.06375 0.11
0 0.178125 0.113125 0.05125 0.05875
0 0.16 0.380625 0.0125 0.03875
0 0.220625 0.485625 0.13375 0.12125
0 0.37625 0.414375 0.085 0.13625
0 0.220625 0.655 0.14375 0.1275
0 0.044375 0.500625 0.08875 0.10375
0 0.565625 0.656875 0.03875 0.05375
0 0.660625 0.86875 0.03625 0.045
0 0.528125 0.728125 0.03375 0.04625
0 0.738125 0.68375 0.07125 0.1075
0 0.2725 0.215 0.08 0.13
0 0.869375 0.658125 0.11375 0.06625
0 0.70375 0.76625 0.0275 0.045
