0 0.97 0.466875 0.06 0.09125
0 0.9 0.5825 0.0225 0.0225
0 0.55625 0.488125 0.03 0.04375
0 0.129375 0.12 0.10125 0.0825
0 0.2425 0.0875 0.05 0.0675
0 0.100625 0.013125 0.02875 0.02625
0 0.14625 0.81375 0.03 0.025
0 0.464375 0.100625 0.05625 0.06125
0 0.586875 0.929375 0.03875 0.01875
0 0.781875 0.29375 0.03125 0.0125
0 0.854375 0.90125 0.03875 0.11
0 0.81125 0.306875 0.0375 0.01375
0 0.74875 0.26125 0.075 0.0425
0 0.506875 0.14875 0.04875 0.05
0 0.44 0.434375 0.085 0.07625
0 0.781875 0.824375 0.06375 0.04125
