0 0.74625 0.793125 0.0225 0.01625
0 0.875625 0.741875 0.04375 0.02625
0 0.63875 0.634375 0.0275 0.04375
0 0.87875 0.746875 0.025 0.01625
0 0.60125 0.87875 0.1125 0.0675
0 0.345625 0.11125 0.15625 0.2225
0 0.4325 0.269375 0.0175 0.02125
0 0.55875 0.45375 0.065 0.13
0 0.456875 0.205625 0.03375 0.06125
0 0.738125 0.773125 0.03125 0.01875
0 0.585 0.84875 0.0475 0.03
0 0.35875 0.396875 0.015 0.02375
0 0.865625 0.711875 0.02625 0.01875
0 0.229375 0.139375 0.04125 0.03125
0 0.2575 0.166875 0.03 0.02375
