0 0.0725 0.94125 0.015 0.02
0 0.030625 0.9825 0.01375 0.015
0 0.129375 0.969375 0.01875 0.02125
0 0.008125 0.945625 0.01375 0.01625
0 0.076875 0.2975 0.02125 0.01
0 0.035 0.900625 0.015 0.02125
0 0.011875 0.228125 0.02375 0.00875
0 0.03125 0.90375 0.0125 0.02
0 0.0325 0.929375 0.015 0.02125
0 0.05375 0.956875 0.0125 0.02375
0 0.54875 0.0075 0.0225 0.0125
0 0.1675 0.300625 0.03 0.00875
0 0.00375 0.800625 0.0075 0.01125
0 0.300625 0.1675 0.03375 0.01
0 0.0125 0.8275 0.02 0.0225
0 0.008125 0.865 0.01375 0.015
0 0.094375 0.973125 0.01125 0.01625
0 0.68625 0.053125 0.0175 0.00875
0 0.035625 0.96 0.01625 0.015
0 0.1025 0.178125 0.0225 0.00875
0 0.1025 0.86 0.02 0.0225
0 0.011875 0.896875 0.01125 0.01875
0 0.038125 0.87 0.01625 0.02
0 0.1075 0.92375 0.015 0.0175
0 0.069375 0.986875 0.01375 0.01625
0 0.14625 0.251875 0.0325 0.01125
0 0.408125 0.135 0.02875 0.0075
0 0.06875 0.241875 0.03 0.00875
0 0.2425 0.075625 0.025 0.00875
0 0.07875 0.89375 0.02 0.0225
0 0.031875 0.87375 0.01875 0.025
