0 0.57875 0.42875 0.035 0.0125
0 0.564375 0.59375 0.01375 0.01
0 0.995625 0.04 0.00875 0.0175
0 0.7225 0.503125 0.0125 0.01125
0 0.37 0.39875 0.0325 0.0075
0 0.203125 0.555625 0.03125 0.00875
0 0.4425 0.41375 0.025 0.0075
0 0.81375 0.203125 0.03 0.01625
0 0.90875 0.273125 0.0175 0.01125
0 0.703125 0.5475 0.02375 0.01
0 0.74 0.44 0.0175 0.0075
0 0.11375 0.74375 0.0175 0.025
0 0.215625 0.82 0.01625 0.025
0 0.3 0.94125 0.01 0.02
0 0.23125 0.8675 0.015 0.025
0 0.313125 0.9225 0.01375 0.025
0 0.476875 0.331875 0.01875 0.01625
0 0.449375 0.36 0.03125 0.0075
0 0.3725 0.32875 0.0325 0.0075
0 0.30375 0.97125 0.0125 0.0225
0 0.199375 0.88625 0.01375 0.025
0 0.280625 0.98875 0.01375 0.02
0 0.535625 0.35375 0.03375 0.01
0 0.306875 0.375 0.02875 0.01
0 0.303125 0.4675 0.02625 0.015
0 0.540625 0.275625 0.03875 0.01125
0 0.300625 0.506875 0.02625 0.00875
0 0.778125 0.244375 0.02875 0.01125
0 0.774375 0.425 0.01625 0.0075
0 0.11125 0.77625 0.015 0.0175
0 0.660625 0.486875 0.03375 0.01375
0 0.149375 0.79125 0.01625 0.025
0 0.249375 0.503125 0.02375 0.00875
0 0.66 0.345 0.035 0.015
0 0.43875 0.4925 0.025 0.0075
0 0.69125 0.396875 0.0225 0.01875
0 0.5025 0.55625 0.0125 0.0075
0 0.165 0.84625 0.015 0.0225
0 0.399375 0.286875 0.02875 0.00875
0 0.180625 0.83 0.01625 0.0225
0 0.246875 0.914375 0.01125 0.02375
0 0.35875 0.959375 0.015 0.02625
0 0.28375 0.905 0.0125 0.025
0 0.26125 0.32125 0.035 0.0075
0 0.23875 0.935 0.0125 0.0225
0 0.3525 0.96375 0.015 0.025
0 0.265625 0.955625 0.01125 0.02125
0 0.385625 0.994375 0.01125 0.01125
0 0.539375 0.189375 0.04125 0.01125
0 0.48875 0.485625 0.03 0.01875
0 0.195 0.505625 0.0275 0.00875
