0 0.9025 0.11 0.035 0.0125
0 0.116875 0.543125 0.04375 0.05375
0 0.30875 0.42875 0.0175 0.0175
0 0.150625 0.50125 0.01375 0.015
0 0.995 0.13125 0.01 0.0125
0 0.030625 0.8575 0.01375 0.0225
0 0.321875 0.50625 0.01375 0.0175
0 0.764375 0.12375 0.04125 0.0175
0 0.280625 0.3525 0.02125 0.02
0 0.259375 0.375625 0.01625 0.01375
0 0.204375 0.59375 0.01625 0.0175
0 0.71375 0.128125 0.0375 0.01875
0 0.855625 0.111875 0.04125 0.01625
0 0.189375 0.45375 0.04375 0.05
0 0.0725 0.6025 0.03 0.04
0 0.814375 0.1125 0.03875 0.015
0 0.460625 0.224375 0.05375 0.04625
0 0.37125 0.276875 0.025 0.01875
0 0.334375 0.3175 0.02125 0.0175
0 0.314375 0.33125 0.01875 0.015
