0 0.9 0.32375 0.0125 0.0125
0 0.65875 0.01625 0.0125 0.02
0 0.838125 0.210625 0.02875 0.02625
0 0.640625 0.035 0.01875 0.0225
0 0.68375 0.01375 0.015 0.0175
0 0.675 0.404375 0.015 0.01875
0 0.680625 0.414375 0.01375 0.02375
0 0.663125 0.39625 0.00875 0.0225
0 0.60625 0.245 0.0325 0.0525
0 0.625 0.31 0.02 0.03
0 0.68625 0.420625 0.01 0.01875
0 0.695625 0.42625 0.01125 0.02
0 0.6175 0.016875 0.01 0.01875
0 0.69625 0.02875 0.0125 0.0175
0 0.629375 0.009375 0.01375 0.01875
0 0.686875 0.034375 0.01125 0.01625
0 0.814375 0.188125 0.01875 0.01625
0 0.8575 0.236875 0.0225 0.02125
0 0.640625 0.00375 0.01125 0.0075
0 0.79125 0.165625 0.0275 0.02625
0 0.711875 0.440625 0.01125 0.01875
0 0.73 0.449375 0.01 0.02375
0 0.978125 0.42375 0.02375 0.02
0 0.706875 0.428125 0.00625 0.01875
0 0.701875 0.4275 0.00625 0.015
0 0.88125 0.258125 0.015 0.02375
0 0.664375 0.37375 0.01125 0.015
0 0.685 0.068125 0.0125 0.01875
0 0.925 0.388125 0.02 0.01875
0 0.93375 0.383125 0.0225 0.02125
0 0.86875 0.313125 0.015 0.01375
