0 0.14375 0.405625 0.0275 0.01875
0 0.72 0.3675 0.065 0.03
0 0.41375 0.451875 0.0175 0.00875
0 0.866875 0.61125 0.01875 0.0175
0 0.786875 0.39375 0.06125 0.03
0 0.339375 0.34 0.03625 0.0125
0 0.851875 0.41875 0.06125 0.03
0 0.39 0.338125 0.04 0.01625
0 0.91625 0.450625 0.055 0.04125
0 0.443125 0.32875 0.03625 0.0125
0 0.9775 0.488125 0.045 0.03875
0 0.209375 0.373125 0.04875 0.02625
0 0.296875 0.348125 0.03125 0.01625
0 0.01625 0.488125 0.0325 0.03625
0 0.49125 0.329375 0.03 0.01375
0 0.535625 0.330625 0.02875 0.01375
0 0.579375 0.338125 0.02875 0.01375
0 0.63875 0.35125 0.0575 0.0325
