0 0.506875 0.95625 0.02125 0.0075
0 0.59625 0.685625 0.02 0.01375
0 0.049375 0.669375 0.01375 0.02625
0 0.01875 0.27375 0.0375 0.0275
0 0.191875 0.57375 0.07125 0.0275
0 0.231875 0.298125 0.07375 0.01875
0 0.710625 0.745625 0.07375 0.02375
0 0.806875 0.53875 0.00625 0.0225
0 0.151875 0.03875 0.00875 0.0175
0 0.99125 0.255 0.0175 0.0225
0 0.498125 0.396875 0.06875 0.02125
0 0.2 0.9625 0.0675 0.0375
0 0.18 0.9575 0.0275 0.0125
0 0.396875 0.0775 0.07625 0.02
0 0.448125 0.8175 0.06875 0.0325
0 0.860625 0.9375 0.06375 0.015
0 0.77375 0.205625 0.0725 0.01875
