0 0.493125 0.603125 0.01625 0.02375
0 0.53375 0.666875 0.015 0.01875
0 0.511875 0.60625 0.01375 0.0225
0 0.568125 0.649375 0.01375 0.02625
0 0.313125 0.1725 0.01375 0.025
0 0.63 0.639375 0.01 0.01875
0 0.65875 0.76625 0.0125 0.02
0 0.838125 0.960625 0.02875 0.02625
0 0.62375 0.7025 0.01 0.02
0 0.23125 0.116875 0.015 0.02375
0 0.2825 0.155 0.015 0.025
0 0.531875 0.59875 0.01625 0.0225
0 0.358125 0.21 0.01375 0.0275
0 0.6275 0.620625 0.0075 0.01375
0 0.18 0.080625 0.015 0.02375
0 0.353125 0.21375 0.01375 0.025
0 0.603125 0.65375 0.01125 0.02
0 0.334375 0.250625 0.01125 0.01875
0 0.3875 0.24875 0.015 0.02
0 0.62125 0.72625 0.0125 0.0225
0 0.640625 0.785 0.01875 0.0225
0 0.60625 0.728125 0.015 0.02125
0 0.68375 0.76375 0.015 0.0175
0 0.55875 0.67625 0.0225 0.025
0 0.39875 0.32875 0.015 0.025
0 0.581875 0.700625 0.02125 0.03125
0 0.441875 0.310625 0.00625 0.01375
0 0.110625 0.02625 0.01625 0.0175
0 0.325625 0.3 0.01625 0.0225
0 0.304375 0.220625 0.01375 0.02375
0 0.4425 0.42 0.0125 0.0225
0 0.214375 0.07 0.01625 0.025
0 0.438125 0.465 0.01375 0.0375
0 0.563125 0.51 0.01125 0.0175
0 0.3 0.19125 0.01 0.02
0 0.6025 0.984375 0.025 0.03125
0 0.36875 0.349375 0.0125 0.01625
0 0.398125 0.378125 0.01875 0.02125
0 0.455625 0.456875 0.01125 0.01875
0 0.53875 0.515625 0.01 0.01875
0 0.48625 0.433125 0.015 0.02875
0 0.51875 0.5325 0.015 0.0225
0 0.280625 0.23875 0.01375 0.0225
0 0.24 0.184375 0.0125 0.02375
0 0.56 0.59125 0.015 0.0175
0 0.59875 0.6125 0.01 0.02
0 0.5975 0.674375 0.015 0.02125
0 0.59375 0.56875 0.015 0.0175
0 0.59125 0.614375 0.0125 0.01875
0 0.5775 0.72625 0.0075 0.02
0 0.6175 0.766875 0.01 0.01875
0 0.69625 0.77875 0.0125 0.0175
0 0.629375 0.75875 0.01375 0.02
0 0.345625 0.3375 0.01125 0.02
0 0.686875 0.784375 0.01125 0.01625
0 0.296875 0.26625 0.01875 0.02
0 0.608125 0.590625 0.01625 0.02125
0 0.814375 0.938125 0.01875 0.01625
0 0.165625 0.09625 0.01375 0.0225
0 0.36875 0.285 0.0125 0.0225
0 0.543125 0.631875 0.01375 0.02375
0 0.8575 0.986875 0.0225 0.02125
0 0.5825 0.614375 0.015 0.02375
0 0.639375 0.746875 0.01375 0.02125
0 0.641875 0.715 0.01125 0.02
0 0.664375 0.73625 0.01625 0.0175
0 0.6625 0.71 0.0125 0.0175
0 0.325625 0.275 0.01375 0.0175
0 0.199375 0.136875 0.01375 0.02375
0 0.424375 0.370625 0.01375 0.02375
0 0.79125 0.915625 0.0275 0.02625
0 0.149375 0.040625 0.01625 0.02375
0 0.3625 0.299375 0.0125 0.01875
0 0.51 0.43375 0.0125 0.0275
0 0.495 0.53375 0.015 0.02
0 0.4625 0.489375 0.0125 0.02625
0 0.50125 0.55625 0.0175 0.025
0 0.265 0.205625 0.01 0.02125
0 0.445625 0.364375 0.00875 0.02375
0 0.415625 0.410625 0.01125 0.02125
0 0.246875 0.16375 0.01125 0.0225
0 0.48 0.48875 0.0075 0.0225
0 0.52875 0.56125 0.0125 0.025
0 0.46625 0.523125 0.015 0.02625
0 0.501875 0.585 0.01125 0.015
0 0.5425 0.460625 0.0225 0.02625
0 0.5225 0.461875 0.02 0.02375
0 0.511875 0.466875 0.01875 0.02375
0 0.64375 0.674375 0.03 0.02125
0 0.685 0.819375 0.0125 0.01875
0 0.570625 0.54375 0.03125 0.0275
0 0.555625 0.550625 0.01875 0.02375
