0 0.00125 0.37625 0.0025 0.0075
0 0.116875 0.61125 0.01875 0.0175
0 0.036875 0.39375 0.06125 0.03
0 0.101875 0.41875 0.06125 0.03
0 0.416875 0.625625 0.04375 0.04375
0 0.65625 0.9925 0.0175 0.015
0 0.459375 0.674375 0.04625 0.05125
0 0.500625 0.7325 0.03625 0.05
0 0.16625 0.450625 0.055 0.04125
0 0.235 0.489375 0.06 0.04125
0 0.298125 0.528125 0.03625 0.03125
0 0.34625 0.566875 0.05 0.04125
0 0.5275 0.79 0.0275 0.0425
0 0.566875 0.84625 0.03375 0.0525
0 0.60625 0.911875 0.0275 0.03375
0 0.633125 0.951875 0.03375 0.04625
