0 0.16625 0.3325 0.0125 0.0225
0 0.118125 0.418125 0.02125 0.01875
0 0.014375 0.486875 0.01375 0.01875
0 0.031875 0.515 0.01125 0.0175
0 0.0875 0.315 0.0175 0.0275
0 0.02125 0.353125 0.015 0.01625
0 0.086875 0.071875 0.01875 0.00875
0 0.00375 0.356875 0.0075 0.01375
0 0.01875 0.2025 0.0125 0.02
0 0.048125 0.50625 0.01625 0.0225
0 0.11375 0.59875 0.015 0.015
0 0.158125 0.77625 0.01875 0.015
0 0.05375 0.233125 0.01 0.02125
0 0.07125 0.2625 0.0125 0.015
0 0.0425 0.383125 0.0175 0.02375
0 0.023125 0.07 0.00875 0.0225
0 0.055 0.035 0.0125 0.0175
0 0.0175 0.60625 0.02 0.02
0 0.03375 0.274375 0.0075 0.02375
0 0.005 0.4575 0.01 0.02
0 0.00375 0.32625 0.0075 0.0225
0 0.063125 0.44875 0.02125 0.0225
0 0.0625 0.15375 0.0175 0.01
0 0.07 0.350625 0.0175 0.02125
0 0.07625 0.343125 0.0225 0.02375
0 0.085 0.3425 0.0175 0.02
