0 0.103125 0.928125 0.02625 0.00625
0 0.245625 0.111875 0.00875 0.01875
0 0.14125 0.998125 0.02 0.00375
0 0.30125 0.91875 0.035 0.0125
0 0.04125 0.249375 0.0825 0.02125
0 0.035 0.529375 0.07 0.02875
0 0.63375 0.06125 0.065 0.02
0 0.4075 0.885 0.03 0.0075
0 0.444375 0.276875 0.06625 0.02125
0 0.243125 0.825 0.02625 0.01
0 0.54875 0.758125 0.025 0.01125
0 0.68375 0.80375 0.025 0.01
0 0.011875 0.978125 0.02375 0.00625
0 0.06875 0.991875 0.0325 0.00875
0 0.67 0.65125 0.0275 0.01
0 0.673125 0.525625 0.03875 0.01125
0 0.95 0.2125 0.0675 0.0375
0 0.93 0.2075 0.0275 0.0125
