0 0.678125 0.755625 0.01375 0.01625
0 0.73125 0.84375 0.01 0.02
0 0.71875 0.758125 0.02 0.01875
0 0.853125 0.860625 0.01875 0.02375
0 0.990625 0.075625 0.01875 0.00875
0 0.590625 0.693125 0.00875 0.00875
0 0.328125 0.344375 0.00875 0.01875
0 0.70125 0.71625 0.0175 0.02
0 0.6975 0.78375 0.0175 0.0225
0 0.78875 0.870625 0.0175 0.02125
0 0.546875 0.786875 0.01375 0.01625
0 0.783125 0.874375 0.01875 0.02375
0 0.73625 0.90625 0.0125 0.0175
0 0.8225 0.94125 0.015 0.02
0 0.761875 0.89625 0.01125 0.0175
0 0.80375 0.956875 0.0125 0.02375
0 0.819375 0.241875 0.03125 0.00875
0 0.7575 0.2275 0.03 0.0075
0 0.785 0.96 0.015 0.015
0 0.785 0.9 0.015 0.02
0 0.78125 0.983125 0.015 0.01625
0 0.89625 0.25125 0.03 0.01
0 0.826875 0.2975 0.02125 0.01
0 0.47375 0.615 0.0125 0.0125
0 0.658125 0.243125 0.02125 0.00875
0 0.450625 0.62625 0.00875 0.01
0 0.676875 0.71125 0.01375 0.015
0 0.750625 0.796875 0.01625 0.01875
0 0.758125 0.865 0.01375 0.015
0 0.723125 0.813125 0.01625 0.01875
0 0.829375 0.893125 0.01875 0.02125
0 0.610625 0.6375 0.01125 0.0175
0 0.679375 0.734375 0.01375 0.01375
0 0.649375 0.654375 0.01625 0.01875
0 0.645 0.729375 0.02 0.02125
0 0.763125 0.8275 0.02125 0.0225
0 0.731875 0.875 0.01375 0.015
0 0.703125 0.238125 0.02375 0.00625
0 0.69625 0.906875 0.0125 0.01625
0 0.78125 0.90375 0.015 0.02
0 0.879375 0.969375 0.01875 0.02125
0 0.858125 0.92375 0.01625 0.0175
0 0.853125 0.176875 0.02125 0.00875
0 0.9175 0.300625 0.0275 0.00875
0 0.783125 0.93 0.01625 0.0225
0 0.845 0.973125 0.0125 0.01625
0 0.758125 0.94625 0.01375 0.0175
0 0.81875 0.9875 0.015 0.0175
0 0.573125 0.07875 0.01625 0.015
0 0.579375 0.671875 0.01875 0.02125
0 0.636875 0.68625 0.01875 0.02
