0 0.17625 0.83125 0.015 0.0225
0 0.04 0.41 0.045 0.0475
0 0.254375 0.743125 0.03625 0.05125
0 0.105625 0.785 0.01875 0.02
0 0.1975 0.869375 0.0175 0.02375
0 0.076875 0.7975 0.01375 0.0175
0 0.1875 0.903125 0.01 0.01625
0 0.084375 0.46 0.03625 0.0375
0 0.1225 0.515 0.035 0.05
0 0.24 0.980625 0.01 0.01875
0 0.075 0.773125 0.015 0.01875
0 0.261875 0.966875 0.01375 0.01625
0 0.230625 0.954375 0.00875 0.01875
0 0.288125 0.800625 0.03625 0.05375
0 0.321875 0.860625 0.03125 0.04625
0 0.143125 0.8225 0.01875 0.02
0 0.22375 0.918125 0.015 0.01875
0 0.095 0.854375 0.0125 0.01625
0 0.250625 0.93 0.01875 0.02
0 0.155625 0.57 0.03375 0.05
0 0.1875 0.628125 0.035 0.04875
0 0.113125 0.8475 0.01375 0.0175
0 0.204375 0.936875 0.01625 0.01875
0 0.1625 0.863125 0.01 0.01875
0 0.2725 0.989375 0.0125 0.02125
0 0.220625 0.681875 0.03625 0.05375
0 0.2075 0.97625 0.0175 0.02
0 0.0825 0.82625 0.0175 0.02
0 0.09375 0.82 0.02 0.02
0 0.135 0.8725 0.0175 0.0175
0 0.0225 0.6775 0.01 0.0175
