0 0.960625 0.498125 0.01125 0.01875
0 0.785 0.210625 0.015 0.01625
0 0.719375 0.00875 0.01875 0.0175
0 0.819375 0.236875 0.01375 0.01875
0 0.783125 0.233125 0.01875 0.01625
0 0.826875 0.25875 0.01375 0.0175
0 0.695625 0.15625 0.01375 0.0175
0 0.763125 0.0775 0.02125 0.0225
0 0.736875 0.15625 0.01375 0.0175
0 0.879375 0.21875 0.01875 0.0225
0 0.80375 0.206875 0.0125 0.02375
0 0.8625 0.255 0.015 0.0225
0 0.931875 0.274375 0.01375 0.01875
0 0.908125 0.31 0.01375 0.025
0 0.94375 0.306875 0.0175 0.01875
0 0.915625 0.38375 0.01125 0.0175
0 0.954375 0.440625 0.01625 0.02375
0 0.910625 0.405 0.01875 0.025
0 0.72375 0.063125 0.0175 0.01875
0 0.985625 0.47375 0.01375 0.0175
0 0.884375 0.31375 0.01375 0.025
0 0.75 0.305625 0.015 0.01625
0 0.938125 0.330625 0.01375 0.01875
0 0.698125 0.03375 0.01875 0.0225
0 0.869375 0.320625 0.00875 0.01875
0 0.5475 0.036875 0.015 0.01625
0 0.90125 0.34375 0.0175 0.02
0 0.99375 0.39375 0.0125 0.0225
0 0.98125 0.5 0.015 0.0225
0 0.730625 0.09375 0.01125 0.02
0 0.76125 0.14625 0.0125 0.0175
0 0.758125 0.115 0.01375 0.0175
0 0.67875 0.006875 0.015 0.01375
0 0.783125 0.15125 0.01875 0.0225
0 0.980625 0.784375 0.03125 0.05375
0 0.821875 0.190625 0.01625 0.02125
0 0.8875 0.25875 0.0125 0.0175
0 0.829375 0.143125 0.01875 0.02125
0 0.788125 0.12 0.01625 0.02
0 0.7825 0.179375 0.015 0.02125
0 0.75875 0.19625 0.015 0.0175
0 0.9925 0.841875 0.015 0.02875
0 0.8575 0.174375 0.015 0.01875
0 0.879375 0.286875 0.00875 0.01625
0 0.845 0.22375 0.0125 0.0175
0 0.8475 0.30125 0.015 0.025
0 0.855 0.3325 0.01 0.02
0 0.90125 0.334375 0.0125 0.01125
0 0.87625 0.34375 0.01 0.02
0 0.853125 0.11 0.01875 0.0225
0 0.961875 0.345 0.01625 0.025
0 0.93 0.44375 0.015 0.025
0 0.99375 0.539375 0.01 0.01875
0 0.979375 0.443125 0.01375 0.01875
0 0.889375 0.363125 0.01375 0.02125
0 0.750625 0.0475 0.01625 0.02
0 0.980625 0.370625 0.01375 0.01625
0 0.928125 0.3525 0.01125 0.0175
0 0.9325 0.38125 0.0125 0.0175
0 0.95375 0.464375 0.0175 0.02375
0 0.731875 0.12625 0.01375 0.0175
0 0.781875 0.1225 0.01625 0.02
0 0.909375 0.2475 0.01375 0.02
0 0.901875 0.25125 0.01375 0.0175
0 0.895 0.25625 0.0125 0.015
0 0.964375 0.38875 0.02125 0.025
0 0.955625 0.39375 0.01625 0.0175
