0 0.15 0.32375 0.0125 0.0125
0 0.088125 0.210625 0.02875 0.02625
0 0.678125 0.639375 0.01875 0.00875
0 0.26 0.4075 0.0175 0.015
0 0.27125 0.425 0.015 0.0175
0 0.33125 0.4925 0.025 0.0225
0 0.375 0.515625 0.0175 0.01625
0 0.384375 0.535625 0.01875 0.01875
0 0.064375 0.188125 0.01875 0.01625
0 0.1075 0.236875 0.0225 0.02125
0 0.403125 0.5275 0.01875 0.0175
0 0.04125 0.165625 0.0275 0.02625
0 0.405625 0.55 0.01875 0.015
0 0.228125 0.42375 0.02375 0.02
0 0.53625 0.613125 0.0175 0.01375
0 0.275625 0.45125 0.01875 0.02
0 0.130625 0.2575 0.01625 0.025
0 0.118125 0.31375 0.01375 0.015
0 0.174375 0.3875 0.02125 0.02
0 0.18375 0.383125 0.0225 0.02125
