0 0.72125 0.755625 0.0575 0.02875
0 0.40625 0.838125 0.0375 0.00875
0 0.789375 0.78375 0.06375 0.035
0 0.42 0.81625 0.0125 0.0075
0 0.853125 0.805 0.06125 0.035
0 0.34125 0.7275 0.04 0.0175
0 0.3925 0.724375 0.0425 0.01625
0 0.924375 0.843125 0.05375 0.03875
0 0.450625 0.716875 0.04375 0.01375
0 0.979375 0.878125 0.04125 0.03875
0 0.75 0.91125 0.025 0.015
0 0.5875 0.72625 0.0375 0.015
0 0.65375 0.740625 0.06 0.02625
0 0.014375 0.870625 0.02875 0.02625
0 0.14375 0.7925 0.03 0.0175
0 0.208125 0.763125 0.04375 0.02625
0 0.533125 0.72125 0.03375 0.0125
