0 0.413125 0.30375 0.02375 0.0175
0 0.063125 0.249375 0.01625 0.01125
0 0.35875 0.289375 0.02 0.01875
0 0.0075 0.193125 0.015 0.01625
0 0.37 0.274375 0.02 0.01875
0 0.059375 0.255 0.01625 0.0125
0 0.0375 0.22875 0.0175 0.0125
0 0.00625 0.155625 0.0125 0.01375
0 0.0575 0.17625 0.02 0.015
0 0.035625 0.195625 0.02125 0.01625
0 0.25125 0.22 0.02 0.0175
0 0.036875 0.203125 0.01625 0.01375
0 0.39375 0.32125 0.0175 0.0125
0 0.1675 0.155 0.0175 0.0175
0 0.425625 0.329375 0.02375 0.01625
0 0.170625 0.128125 0.01625 0.01375
0 0.48 0.339375 0.02 0.01625
0 0.365 0.28125 0.0225 0.0175
0 0.006875 0.179375 0.01375 0.01625
0 0.15625 0.245625 0.0125 0.00875
0 0.034375 0.23375 0.01125 0.0075
0 0.300625 0.2275 0.01875 0.0125
0 0.21875 0.165 0.02 0.0225
0 0.1975 0.34625 0.0275 0.0175
0 0.21125 0.17875 0.015 0.015
0 0.2925 0.213125 0.015 0.01625
0 0.271875 0.249375 0.01875 0.01875
0 0.5075 0.348125 0.0275 0.01125
0 0.31 0.254375 0.0225 0.01875
0 0.5225 0.364375 0.0225 0.00875
0 0.009375 0.208125 0.01625 0.01875
0 0.260625 0.21625 0.02125 0.0175
0 0.15375 0.140625 0.0175 0.01875
0 0.20125 0.1875 0.02 0.0225
0 0.19125 0.191875 0.01 0.01875
