0 0.52125 0.168125 0.0275 0.02625
0 0.70125 0.750625 0.02 0.01875
0 0.59125 0.18375 0.01 0.025
0 0.418125 0.08875 0.00875 0.03
0 0.500625 0.200625 0.01625 0.02625
0 0.7125 0.770625 0.0175 0.01125
0 0.580625 0.184375 0.01125 0.02125
0 0.458125 0.126875 0.01125 0.02875
0 0.724375 0.4425 0.01125 0.02
0 0.516875 0.075 0.01625 0.02
0 0.91375 0.74 0.0175 0.0125
0 0.446875 0.159375 0.01375 0.01875
0 0.43 0.1175 0.0075 0.025
0 0.54125 0.076875 0.0125 0.01875
0 0.964375 0.761875 0.01125 0.01125
0 0.570625 0.16125 0.01625 0.0275
0 0.74125 0.779375 0.02 0.01625
0 0.53125 0.214375 0.0125 0.01875
0 0.56125 0.185 0.0175 0.0225
0 0.759375 0.800625 0.02375 0.01625
0 0.545 0.238125 0.0175 0.01875
0 0.594375 0.2525 0.01125 0.02
0 0.565 0.3275 0.0175 0.02
0 0.575 0.2525 0.015 0.03
0 0.58875 0.31125 0.02 0.02
0 0.594375 0.34375 0.01625 0.02
0 0.4425 0.020625 0.0075 0.01875
0 0.60875 0.3725 0.01 0.0225
0 0.69125 0.389375 0.01 0.01875
0 0.40625 0.026875 0.0125 0.02625
0 0.6275 0.32 0.0125 0.0175
0 0.560625 0.270625 0.01125 0.01625
0 0.611875 0.3125 0.01125 0.0225
0 0.633125 0.38 0.01625 0.025
0 0.670625 0.3975 0.01125 0.0175
0 0.67 0.3525 0.01 0.0175
0 0.63375 0.403125 0.02 0.02625
0 0.465 0.180625 0.015 0.02375
0 0.79125 0.55125 0.025 0.0275
0 0.386875 0.059375 0.00875 0.02125
0 0.940625 0.780625 0.01875 0.02125
0 0.49125 0.17875 0.0125 0.0175
0 0.819375 0.584375 0.03375 0.03375
0 0.5475 0.100625 0.01 0.02375
0 0.98375 0.8125 0.0175 0.0175
0 0.5275 0.19 0.0125 0.02
0 0.78875 0.851875 0.02 0.01125
0 0.54625 0.256875 0.0125 0.01625
0 0.515625 0.226875 0.01125 0.02125
0 0.88625 0.939375 0.0375 0.02375
0 0.56125 0.220625 0.0175 0.02375
0 0.45375 0.0625 0.0175 0.0275
0 0.856875 0.62625 0.02875 0.025
0 0.563125 0.1225 0.01125 0.02
0 0.421875 0.06125 0.01875 0.0275
0 0.460625 0.0975 0.01375 0.025
0 0.88125 0.644375 0.0225 0.01875
0 0.554375 0.14125 0.00875 0.015
0 0.719375 0.75125 0.02375 0.0175
0 0.526875 0.249375 0.01125 0.01875
0 0.6325 0.71625 0.0175 0.025
0 0.598125 0.225 0.01375 0.02
0 0.35875 0.11 0.0125 0.0175
0 0.621875 0.689375 0.01375 0.01875
0 0.62125 0.24625 0.01 0.025
0 0.545625 0.274375 0.02125 0.02625
0 0.631875 0.2875 0.01375 0.03
0 0.548125 0.30125 0.01375 0.025
0 0.419375 0.009375 0.00875 0.01625
0 0.685625 0.36875 0.01125 0.0175
0 0.604375 0.398125 0.01625 0.02875
0 0.655625 0.356875 0.01375 0.01875
0 0.64375 0.42875 0.015 0.0225
0 0.569375 0.29375 0.01625 0.025
0 0.57875 0.3575 0.01 0.02
0 0.57 0.325 0.02 0.0225
0 0.6175 0.3475 0.0075 0.02
0 0.64875 0.359375 0.015 0.01875
0 0.669375 0.41875 0.01375 0.0175
0 0.654375 0.383125 0.01375 0.01875
0 0.68875 0.405 0.015 0.02
0 0.369375 0.02625 0.01125 0.025
0 0.475 0.088125 0.02 0.02625
0 0.47875 0.149375 0.02 0.02625
0 0.4875 0.146875 0.015 0.02125
0 0.70875 0.410625 0.0125 0.01875
0 0.68875 0.428125 0.015 0.01875
0 0.59875 0.29 0.01 0.02
0 0.8725 0.750625 0.0225 0.02125
0 0.891875 0.731875 0.01375 0.01625
0 0.851875 0.610625 0.02875 0.02625
0 0.910625 0.760625 0.01875 0.02375
0 0.904375 0.76625 0.02125 0.0275
0 0.561875 0.586875 0.03625 0.04625
0 0.591875 0.630625 0.03125 0.03875
0 0.940625 0.810625 0.02125 0.01625
0 0.52875 0.11125 0.01 0.0275
0 0.51875 0.108125 0.0125 0.02125
0 0.509375 0.111875 0.01125 0.02875
0 0.50125 0.11625 0.0075 0.025
0 0.470625 0.02625 0.02625 0.025
0 0.485 0.023125 0.035 0.02875
0 0.491875 0.01625 0.02625 0.0225
