0 0.9125 0.96375 0.0575 0.04
0 0.58625 0.849375 0.03 0.01625
0 0.44125 0.84375 0.04 0.015
0 0.011875 0.98875 0.02375 0.0225
0 0.388125 0.850625 0.04375 0.01875
0 0.501875 0.9625 0.01375 0.0075
0 0.656875 0.874375 0.03625 0.01375
0 0.665625 0.864375 0.03375 0.01375
0 0.34125 0.855 0.025 0.0125
0 0.675 0.95625 0.0425 0.015
0 0.33125 0.851875 0.03 0.01375
0 0.4 0.96125 0.0425 0.0075
0 0.62875 0.861875 0.0275 0.01625
0 0.528125 0.8375 0.03125 0.015
0 0.295 0.8625 0.0375 0.01
0 0.16625 0.995 0.0175 0.01
0 0.20125 0.88625 0.0475 0.0225
0 0.579375 0.990625 0.01625 0.01125
0 0.52625 0.84625 0.025 0.015
0 0.7825 0.906875 0.0675 0.03625
0 0.138125 0.915625 0.02875 0.01875
0 0.0375 0.974375 0.0225 0.01875
