0 0.45375 0.813125 0.0175 0.02625
0 0.415625 0.7175 0.01625 0.025
0 0.290625 0.07125 0.03125 0.015
0 0.365625 0.693125 0.01375 0.02625
0 0.478125 0.74125 0.01125 0.02
0 0.349375 0.050625 0.03125 0.01375
0 0.36 0.739375 0.0125 0.01875
0 0.845625 0.00625 0.02875 0.01
0 0.383125 0.733125 0.01375 0.02375
0 0.479375 0.899375 0.01875 0.02625
0 0.501875 0.950625 0.01625 0.02625
0 0.29875 0.54375 0.02 0.0275
0 0.3675 0.639375 0.0125 0.02875
0 0.295 0.583125 0.015 0.02375
0 0.403125 0.659375 0.01625 0.04125
0 0.42125 0.810625 0.02 0.02625
0 0.490625 0.929375 0.01375 0.02125
0 0.408125 0.02375 0.04125 0.0125
0 0.369375 0.77625 0.01125 0.025
0 0.3875 0.809375 0.01 0.02125
0 0.6975 0.025625 0.0275 0.01375
0 0.390625 0.734375 0.01125 0.02125
0 0.52125 0.916875 0.0275 0.02625
0 0.560625 0.933125 0.01625 0.02375
0 0.749375 0.093125 0.02875 0.01375
0 0.540625 0.8275 0.01375 0.02
0 0.47625 0.109375 0.0225 0.00875
0 0.554375 0.8925 0.01125 0.02
0 0.675625 0.071875 0.01875 0.01125
0 0.548125 0.85 0.01125 0.0225
0 0.511875 0.18625 0.02875 0.01
0 0.5975 0.975 0.015 0.02
0 0.635625 0.2025 0.01875 0.01
0 0.183125 0.41625 0.02375 0.025
0 0.65875 0.215625 0.01 0.00875
0 0.426875 0.069375 0.02875 0.01375
0 0.4475 0.91 0.015 0.02
0 0.1225 0.09875 0.015 0.0175
0 0.56125 0.970625 0.0175 0.02375
0 0.45875 0.875625 0.0125 0.02625
0 0.7575 0.165 0.02 0.0125
0 0.545 0.988125 0.0175 0.02125
0 0.653125 0.24 0.02125 0.0075
0 0.15625 0.431875 0.0175 0.02375
0 0.249375 0.26875 0.00875 0.025
0 0.171875 0.45625 0.01875 0.0225
0 0.396875 0.673125 0.01375 0.03375
0 0.25625 0.6175 0.015 0.025
0 0.339375 0.6625 0.01375 0.0225
0 0.5325 0.96375 0.0125 0.02
0 0.528125 0.940625 0.01125 0.01875
0 0.406875 0.776875 0.01125 0.02625
0 0.551875 0.024375 0.03625 0.01375
0 0.41875 0.83875 0.01 0.0325
0 0.419375 0.755 0.00875 0.025
0 0.6 0.065625 0.0375 0.01125
0 0.35875 0.86 0.0125 0.0175
0 0.58125 0.934375 0.01 0.02125
0 0.348125 0.601875 0.01125 0.02875
0 0.193125 0.033125 0.02125 0.01875
0 0.336875 0.696875 0.01375 0.02625
0 0.340625 0.6025 0.01125 0.0275
0 0.234375 0.024375 0.02375 0.01875
0 0.571875 0.91125 0.01625 0.0275
0 0.59125 0.93375 0.0125 0.0275
0 0.436875 0.738125 0.01125 0.03125
0 0.555 0.088125 0.025 0.00875
0 0.43 0.8675 0.0075 0.025
0 0.441875 0.770625 0.00875 0.02125
0 0.77625 0.04625 0.025 0.0125
0 0.475 0.839375 0.02 0.02625
0 0.335 0.2225 0.035 0.03
0 0.575625 0.993125 0.01375 0.01375
0 0.32875 0.215625 0.03 0.02625
0 0.594375 0.995625 0.01125 0.00875
0 0.301875 0.098125 0.02875 0.01375
0 0.46625 0.93125 0.015 0.025
0 0.773125 0.2 0.01875 0.01
0 0.525625 0.995 0.01125 0.01
0 0.23625 0.1175 0.0325 0.0175
0 0.75625 0.21 0.0225 0.01
0 0.515625 0.9775 0.01125 0.02
0 0.5175 0.824375 0.0175 0.02125
0 0.28 0.2675 0.0075 0.0175
0 0.62125 0.991875 0.01 0.01625
0 0.19625 0.478125 0.0225 0.02375
0 0.203125 0.230625 0.01125 0.03625
0 0.238125 0.475625 0.01625 0.02625
0 0.360625 0.111875 0.03125 0.00875
0 0.46125 0.8475 0.015 0.025
0 0.414375 0.15125 0.02375 0.015
0 0.564375 0.871875 0.01125 0.02125
0 0.754375 0.2275 0.01625 0.01
0 0.195 0.226875 0.01 0.03375
0 0.201875 0.5225 0.02125 0.0175
0 0.138125 0.39375 0.02125 0.0225
0 0.270625 0.51 0.02125 0.03
0 0.233125 0.551875 0.01625 0.01875
0 0.2675 0.54875 0.02 0.0225
0 0.32375 0.64625 0.0125 0.025
0 0.374375 0.638125 0.01375 0.02875
0 0.600625 0.955 0.01625 0.0175
0 0.488125 0.89625 0.01625 0.0225
0 0.474375 0.775 0.02375 0.025
0 0.466875 0.77875 0.01875 0.0225
0 0.486875 0.7725 0.02875 0.0275
0 0.493125 0.76875 0.02375 0.0275
0 0.529375 0.860625 0.01125 0.02875
0 0.519375 0.85875 0.01125 0.025
0 0.51 0.861875 0.01 0.02875
0 0.501875 0.865625 0.00875 0.02375
0 0.39125 0.758125 0.015 0.02625
0 0.383125 0.759375 0.01375 0.02375
