0 0.6075 0.25875 0.025 0.0275
0 0.44 0.746875 0.01 0.01875
0 0.6575 0.34 0.0175 0.0175
0 0.3475 0.658125 0.0175 0.02125
0 0.698125 0.3575 0.02125 0.0225
0 0.45125 0.45625 0.0325 0.045
0 0.634375 0.225 0.02125 0.02
0 0.495 0.395625 0.0425 0.05125
0 0.641875 0.22875 0.01875 0.02
0 0.521875 0.346875 0.01625 0.01625
0 0.654375 0.203125 0.02125 0.02125
0 0.700625 0.17625 0.03625 0.0325
0 0.565625 0.30625 0.04375 0.05
0 0.756875 0.12375 0.04375 0.0325
0 0.603125 0.408125 0.01875 0.02125
0 0.89375 0.0425 0.03 0.0175
0 0.959375 0.01375 0.04375 0.0275
