0 0.303125 0.748125 0.00875 0.01125
0 0.179375 0.403125 0.02875 0.01875
0 0.225625 0.730625 0.02125 0.01125
0 0.36 0.71375 0.01 0.0125
0 0.25625 0.731875 0.0175 0.01375
0 0.0125 0.448125 0.025 0.01375
0 0.31375 0.35125 0.0325 0.0175
0 0.386875 0.39375 0.01625 0.0125
0 0.0125 0.6325 0.025 0.015
0 0.039375 0.671875 0.03375 0.01625
0 0.225 0.430625 0.0225 0.01375
0 0.12375 0.524375 0.0325 0.00875
0 0.319375 0.610625 0.02875 0.03125
0 0.303125 0.720625 0.01125 0.00875
0 0.133125 0.459375 0.02625 0.01375
0 0.038125 0.50125 0.02125 0.0125
0 0.43625 0.450625 0.0175 0.01375
0 0.304375 0.733125 0.01125 0.01125
0 0.0775 0.5275 0.0075 0.0125
0 0.12 0.379375 0.02 0.01375
0 0.11875 0.6675 0.0275 0.025
0 0.69 0.0575 0.0425 0.0175
0 0.676875 0.11625 0.03125 0.0225
0 0.21875 0.553125 0.0275 0.01625
0 0.023125 0.58625 0.03625 0.025
0 0.304375 0.244375 0.02125 0.01125
0 0.124375 0.630625 0.02625 0.01875
0 0.02 0.761875 0.0125 0.00875
0 0.334375 0.600625 0.02375 0.02625
0 0.11 0.75875 0.03 0.0175
0 0.055 0.8325 0.025 0.025
