0 0.014375 0.739375 0.01625 0.02375
0 0.015 0.7625 0.015 0.015
0 0.041875 0.734375 0.01875 0.01875
0 0.030625 0.7625 0.02125 0.0275
0 0.219375 0.944375 0.01625 0.01875
0 0.041875 0.94875 0.02375 0.03
0 0.064375 0.8325 0.01875 0.02
0 0.096875 0.90125 0.01375 0.025
0 0.094375 0.836875 0.01875 0.02125
0 0.115 0.889375 0.0125 0.01875
0 0.21625 0.91125 0.015 0.02
0 0.139375 0.898125 0.01625 0.02625
0 0.14375 0.953125 0.0175 0.02375
0 0.071875 0.736875 0.01875 0.02125
0 0.074375 0.790625 0.01625 0.02375
0 0.1025 0.733125 0.02 0.02125
0 0.13 0.766875 0.0125 0.01625
0 0.156875 0.869375 0.01625 0.01875
0 0.10875 0.825625 0.0175 0.01875
0 0.17375 0.86 0.0175 0.0175
0 0.02375 0.56125 0.0125 0.0175
0 0.20125 0.958125 0.0175 0.01625
0 0.0075 0.67 0.015 0.0275
0 0.06625 0.69625 0.02 0.0225
0 0.1925 0.961875 0.025 0.02625
0 0.07375 0.69125 0.01 0.0175
0 0.09875 0.76625 0.0175 0.0225
0 0.038125 0.578125 0.01125 0.01625
0 0.088125 0.773125 0.01625 0.01625
0 0.021875 0.593125 0.01875 0.02375
0 0.02 0.665 0.0125 0.025
0 0.080625 0.68875 0.01375 0.025
0 0.0725 0.643125 0.0175 0.01875
0 0.104375 0.71 0.01625 0.0175
0 0.151875 0.88875 0.01375 0.0175
0 0.165 0.94 0.015 0.0225
0 0.17625 0.893125 0.0125 0.01875
0 0.061875 0.76 0.01625 0.0225
0 0.130625 0.7875 0.01375 0.02
0 0.12625 0.745625 0.0125 0.01875
0 0.12 0.805 0.015 0.02
0 0.11375 0.855625 0.015 0.01875
0 0.125625 0.91 0.01375 0.025
0 0.08 0.874375 0.015 0.02375
0 0.185625 0.88375 0.01125 0.015
0 0.1875 0.930625 0.0175 0.02375
0 0.165625 0.91375 0.01625 0.0175
0 0.204375 0.924375 0.01375 0.01875
0 0.095 0.809375 0.0175 0.02125
0 0.07625 0.809375 0.02 0.02125
0 0.093125 0.86375 0.02375 0.0275
0 0.15375 0.82625 0.0225 0.02
0 0.04625 0.59875 0.0125 0.015
0 0.04625 0.620625 0.0175 0.02125
0 0.085 0.664375 0.015 0.01875
0 0.06625 0.6725 0.0125 0.0175
0 0.014375 0.714375 0.01625 0.02125
0 0.18125 0.9675 0.015 0.02
0 0.004375 0.69875 0.00875 0.0225
0 0.035625 0.695 0.01625 0.025
0 0.028125 0.639375 0.01625 0.02375
0 0.018125 0.64 0.01625 0.0225
0 0.145 0.92625 0.015 0.0225
0 0.198125 0.9 0.01875 0.0175
0 0.1325 0.87125 0.0175 0.0225
0 0.125625 0.875 0.01625 0.0175
0 0.0525 0.781875 0.02 0.02125
0 0.045625 0.78625 0.01875 0.0225
