0 0.01625 0.000625 0.0075 0.00125
0 0.015 0.0125 0.015 0.015
0 0.030625 0.013125 0.02125 0.02625
0 0.219375 0.194375 0.01625 0.01875
0 0.041875 0.19875 0.02375 0.03
0 0.23625 0.59375 0.01 0.02
0 0.064375 0.0825 0.01875 0.02
0 0.096875 0.15125 0.01375 0.025
0 0.094375 0.086875 0.01875 0.02125
0 0.115 0.139375 0.0125 0.01875
0 0.21625 0.16125 0.015 0.02
0 0.139375 0.148125 0.01625 0.02625
0 0.14375 0.203125 0.0175 0.02375
0 0.074375 0.040625 0.01625 0.02375
0 0.13 0.016875 0.0125 0.01625
0 0.035 0.27875 0.035 0.055
0 0.245 0.611875 0.025 0.01125
0 0.115625 0.4 0.03375 0.0525
0 0.49375 0.556875 0.015 0.01625
0 0.156875 0.119375 0.01625 0.01875
0 0.10875 0.075625 0.0175 0.01875
0 0.17375 0.11 0.0175 0.0175
0 0.654375 0.69125 0.02375 0.0175
0 0.665625 0.715 0.02375 0.015
0 0.20125 0.208125 0.0175 0.01625
0 0.394375 0.70125 0.03375 0.0225
0 0.1925 0.211875 0.025 0.02625
0 0.724375 0.75 0.02125 0.015
0 0.09875 0.01625 0.0175 0.0225
0 0.088125 0.023125 0.01625 0.01625
0 0.386875 0.403125 0.03875 0.03375
0 0.19875 0.570625 0.01 0.01875
0 0.421875 0.4925 0.02125 0.0225
0 0.221875 0.538125 0.01375 0.01375
0 0.151875 0.13875 0.01375 0.0175
0 0.165 0.19 0.015 0.0225
0 0.17625 0.143125 0.0125 0.01875
0 0.061875 0.010625 0.01625 0.02125
0 0.130625 0.0375 0.01375 0.02
0 0.1275 0.0025 0.01 0.005
0 0.12 0.055 0.015 0.02
0 0.134375 0.460625 0.02375 0.03625
0 0.533125 0.57625 0.01625 0.0175
0 0.1475 0.46375 0.015 0.0175
0 0.47 0.616875 0.0075 0.01125
0 0.11375 0.105625 0.015 0.01875
0 0.125625 0.16 0.01375 0.025
0 0.08 0.124375 0.015 0.02375
0 0.185625 0.13375 0.01125 0.015
0 0.1875 0.180625 0.0175 0.02375
0 0.165625 0.16375 0.01625 0.0175
0 0.204375 0.174375 0.01375 0.01875
0 0.095 0.059375 0.0175 0.02125
0 0.07625 0.059375 0.02 0.02125
0 0.185625 0.555 0.01375 0.0275
0 0.529375 0.596875 0.01625 0.01625
0 0.300625 0.313125 0.02625 0.02875
0 0.544375 0.625625 0.01875 0.01875
0 0.093125 0.11375 0.02375 0.0275
0 0.13 0.120625 0.025 0.02625
0 0.76125 0.765625 0.02 0.01125
0 0.15375 0.07625 0.0225 0.02
0 0.985625 0.985625 0.01875 0.00875
0 0.04875 0.034375 0.0225 0.02625
0 0.404375 0.496875 0.02375 0.02375
0 0.324375 0.3375 0.01625 0.015
0 0.46 0.54125 0.02 0.0225
0 0.318125 0.3425 0.01875 0.0175
0 0.95125 0.78875 0.0125 0.005
0 0.9725 0.7825 0.0125 0.005
0 0.18125 0.2175 0.015 0.02
0 0.59375 0.654375 0.025 0.02375
0 0.338125 0.354375 0.01625 0.01875
0 0.589375 0.665 0.02125 0.0225
0 0.35375 0.366875 0.0125 0.01375
0 0.145 0.175625 0.015 0.02125
0 0.198125 0.150625 0.01875 0.01875
0 0.36625 0.380625 0.0175 0.01625
0 0.795625 0.755625 0.02125 0.01125
