0 0.16375 0.74125 0.0175 0.0125
0 0.07 0.584375 0.0325 0.03375
0 0.01 0.8 0.02 0.0175
0 0.303125 0.836875 0.01625 0.01625
0 0.121875 0.749375 0.02125 0.02125
0 0.234375 0.8125 0.01625 0.0175
0 0.19125 0.780625 0.0175 0.02125
0 0.139375 0.94 0.03375 0.025
0 0.258125 0.8025 0.01375 0.015
0 0.1075 0.625625 0.03 0.02625
0 0.276875 0.86 0.02125 0.0225
0 0.13125 0.64375 0.02 0.02
0 0.03875 0.851875 0.02 0.01125
0 0.341875 0.885625 0.02125 0.02125
0 0.275625 0.818125 0.02125 0.02125
0 0.3775 0.906875 0.02 0.01875
0 0.143125 0.7325 0.01125 0.0125
0 0.214375 0.76125 0.01125 0.0125
0 0.410625 0.92125 0.01625 0.0175
0 0.46625 0.9825 0.0175 0.02
0 0.041875 0.5525 0.02625 0.0275
0 0.155625 0.76625 0.02125 0.025
0 0.1625 0.76 0.0225 0.0225
0 0.15375 0.77875 0.015 0.015
0 0.19125 0.809375 0.0175 0.01375
