0 0.53625 0.679375 0.02 0.00875
0 0.71125 0.51625 0.0225 0.015
0 0.60875 0.665 0.0275 0.015
0 0.78875 0.50125 0.02 0.0125
0 0.56375 0.47875 0.025 0.015
0 0.509375 0.59 0.02375 0.01
0 0.599375 0.50125 0.02375 0.015
0 0.699375 0.429375 0.02125 0.01375
0 0.6075 0.671875 0.0175 0.01375
0 0.87 0.378125 0.0175 0.00875
0 0.67375 0.669375 0.0225 0.00875
0 0.87 0.38375 0.0125 0.0075
0 0.8275 0.5275 0.0075 0.01
0 0.875 0.630625 0.025 0.01625
0 0.656875 0.564375 0.01875 0.00875
0 0.86875 0.66625 0.025 0.0225
0 0.968125 0.551875 0.02875 0.01375
0 0.4575 0.53875 0.0275 0.0125
0 0.921875 0.69875 0.01125 0.0075
0 0.45375 0.965 0.02 0.0175
0 0.3125 0.52375 0.0175 0.01
0 0.58375 0.73125 0.0275 0.01
0 0.678125 0.605625 0.01375 0.00625
0 0.770625 0.76125 0.01125 0.0075
0 0.920625 0.709375 0.01375 0.00875
0 0.498125 0.994375 0.01625 0.01125
0 0.97375 0.730625 0.0125 0.01125
0 0.335625 0.655 0.01125 0.005
0 0.645 0.49 0.025 0.015
0 0.71 0.230625 0.0125 0.01125
0 0.568125 0.54 0.02125 0.0125
0 0.761875 0.448125 0.02625 0.01375
0 0.6725 0.674375 0.015 0.00625
0 0.93 0.399375 0.025 0.01125
0 0.64625 0.5325 0.0125 0.01
0 0.92625 0.406875 0.015 0.00875
0 0.534375 0.558125 0.01625 0.01375
0 0.47625 0.71 0.03 0.015
0 0.581875 0.558125 0.02375 0.01125
0 0.475625 0.71875 0.02125 0.0125
0 0.651875 0.535625 0.01125 0.01375
0 0.883125 0.45875 0.02375 0.015
0 0.353125 0.331875 0.01625 0.01625
0 0.879375 0.524375 0.01875 0.00875
0 0.699375 0.624375 0.01375 0.00625
0 0.86 0.759375 0.0275 0.01875
0 0.7725 0.583125 0.035 0.01875
0 0.4025 0.554375 0.025 0.01375
0 0.1675 0.72625 0.015 0.02
0 0.45375 0.59 0.0225 0.0125
0 0.38 0.8925 0.025 0.0175
0 0.33125 0.6275 0.0175 0.01
0 0.76125 0.6325 0.025 0.015
0 0.805 0.83125 0.025 0.025
0 0.788125 0.671875 0.02875 0.01375
0 0.971875 0.4325 0.01625 0.01
0 0.409375 0.925 0.02125 0.02
0 0.49375 0.645625 0.0275 0.01375
0 0.46375 0.941875 0.0175 0.01625
0 0.688125 0.05375 0.06875 0.03
0 0.53125 0.610625 0.0275 0.01375
0 0.588125 0.595 0.02625 0.015
