0 0.60375 0.3525 0.0175 0.02
0 0.649375 0.6125 0.01375 0.02
0 0.519375 0.3125 0.01625 0.015
0 0.489375 0.291875 0.02375 0.02125
0 0.561875 0.270625 0.01625 0.01875
0 0.813125 0.996875 0.01625 0.00625
0 0.6625 0.56 0.0175 0.0175
0 0.494375 0.4025 0.03125 0.015
0 0.669375 0.62375 0.01375 0.0175
0 0.405625 0.3975 0.03625 0.0125
0 0.673125 0.546875 0.01375 0.01875
0 0.3175 0.004375 0.01 0.00875
0 0.69875 0.93625 0.0225 0.0225
0 0.563125 0.295 0.01625 0.0175
0 0.75625 0.943125 0.0175 0.01625
0 0.494375 0.224375 0.01875 0.02375
0 0.62 0.564375 0.01 0.01875
0 0.541875 0.29125 0.01375 0.0175
0 0.580625 0.453125 0.01875 0.02125
0 0.66125 0.585 0.0175 0.0175
0 0.64125 0.579375 0.02 0.02625
0 0.4 0.03625 0.0175 0.0225
0 0.678125 0.574375 0.01625 0.01875
0 0.7875 0.97875 0.0175 0.0125
0 0.69875 0.60625 0.0225 0.0225
0 0.521875 0.381875 0.01375 0.01625
0 0.62375 0.52 0.02 0.025
0 0.53125 0.365625 0.025 0.02375
0 0.6175 0.52375 0.0175 0.0225
0 0.494375 0.318125 0.02125 0.02125
0 0.50375 0.286875 0.01 0.01875
0 0.583125 0.304375 0.01125 0.01125
0 0.7275 0.615 0.015 0.0175
0 0.75375 0.905625 0.0175 0.01375
0 0.8075 0.92625 0.02 0.015
0 0.566875 0.435625 0.01375 0.02125
0 0.45375 0.14 0.015 0.025
0 0.354375 0.07125 0.01625 0.02
0 0.559375 0.44375 0.01875 0.02
0 0.504375 0.170625 0.00625 0.01375
0 0.37625 0.005625 0.0175 0.01125
0 0.369375 0.0875 0.01625 0.025
0 0.785625 0.945625 0.02125 0.01625
0 0.995625 0.9675 0.00875 0.0125
0 0.786875 0.953125 0.01625 0.01375
0 0.53 0.32875 0.015 0.0175
0 0.329375 0.04 0.01125 0.015
0 0.505625 0.348125 0.01875 0.01875
0 0.4225 0.105625 0.0125 0.01875
0 0.704375 0.57625 0.01375 0.0225
0 0.70875 0.906875 0.02 0.01125
0 0.668125 0.52375 0.01625 0.0175
0 0.729375 0.9275 0.02125 0.015
0 0.634375 0.41375 0.01375 0.0175
0 0.465 0.26625 0.025 0.025
0 0.593125 0.505 0.01125 0.02
0 0.39375 0.144375 0.015 0.02125
0 0.64125 0.4325 0.015 0.0175
0 0.44625 0.239375 0.02 0.02375
0 0.5825 0.503125 0.0125 0.01875
0 0.416875 0.17875 0.01375 0.0225
0 0.9175 0.905 0.0175 0.0175
0 0.920625 0.878125 0.01625 0.01375
0 0.353125 0.05 0.02125 0.0225
0 0.52125 0.2075 0.0175 0.0175
0 0.755625 0.929375 0.01625 0.01625
0 0.90625 0.995625 0.0125 0.00875
0 0.618125 0.458125 0.02125 0.01875
0 0.536875 0.304375 0.00875 0.01625
0 0.6225 0.3825 0.0175 0.02
0 0.4775 0.254375 0.0125 0.02125
0 0.703125 0.54625 0.01375 0.02
0 0.784375 0.98375 0.01125 0.0075
0 0.690625 0.610625 0.02125 0.02125
0 0.729375 0.596875 0.01125 0.01875
0 0.545 0.398125 0.015 0.01625
0 0.61125 0.528125 0.0175 0.02125
0 0.55125 0.393125 0.0175 0.01875
0 0.6375 0.54375 0.015 0.0175
0 0.96875 0.915 0.02 0.0225
0 0.520625 0.24 0.01875 0.02
0 0.96125 0.92875 0.015 0.015
0 0.46375 0.234375 0.0225 0.02375
0 0.379375 0.043125 0.01125 0.01625
0 0.576875 0.363125 0.01625 0.01875
0 0.540625 0.23125 0.01875 0.02
0 0.60125 0.3675 0.0175 0.02
0 0.538125 0.249375 0.01125 0.01375
0 0.720625 0.56375 0.01375 0.0175
0 0.6925 0.56375 0.015 0.02
0 0.351875 0.009375 0.02125 0.01875
0 0.63125 0.54875 0.015 0.02
0 0.665 0.605 0.01 0.0175
0 0.66875 0.485625 0.015 0.01875
0 0.513125 0.34375 0.01625 0.0175
0 0.473125 0.084375 0.02125 0.02625
0 0.36625 0.144375 0.02 0.02375
0 0.553125 0.37125 0.01625 0.015
0 0.478125 0.135625 0.01125 0.02125
0 0.484375 0.57625 0.02875 0.045
0 0.7125 0.951875 0.0075 0.02125
0 0.6 0.438125 0.015 0.01625
0 0.455 0.205 0.0175 0.0225
0 0.689375 0.5325 0.00875 0.0175
0 0.428125 0.200625 0.01875 0.03125
0 0.586875 0.431875 0.01375 0.01875
0 0.683125 0.536875 0.00875 0.01625
0 0.455625 0.1625 0.01625 0.0225
0 0.339375 0.0225 0.01375 0.02
0 0.42375 0.07625 0.015 0.03
0 0.499375 0.206875 0.01375 0.02375
0 0.559375 0.366875 0.01375 0.01375
0 0.398125 0.099375 0.01625 0.02125
0 0.618125 0.82125 0.01625 0.03
0 0.720625 0.96 0.00875 0.02
0 0.720625 0.895625 0.02625 0.01875
0 0.759375 0.958125 0.01625 0.01875
0 0.62 0.479375 0.015 0.01625
0 0.415 0.131875 0.0175 0.02375
0 0.654375 0.528125 0.01375 0.01875
0 0.545625 0.418125 0.01875 0.02125
0 0.633125 0.47375 0.01625 0.015
0 0.3875 0.069375 0.0175 0.02125
0 0.591875 0.761875 0.01875 0.02375
0 0.78625 0.675 0.025 0.0275
0 0.296875 0.005 0.01375 0.01
0 0.59375 0.4825 0.0175 0.02
0 0.578125 0.475625 0.01375 0.01875
0 0.68 0.93 0.01 0.015
0 0.903125 0.89 0.01875 0.02
0 0.815 0.70875 0.0325 0.035
0 0.815625 0.723125 0.01625 0.01625
0 0.95125 0.9375 0.02 0.02
0 0.94125 0.94125 0.0125 0.0175
0 0.428125 0.16 0.01875 0.02
0 0.42125 0.165625 0.0175 0.01875
0 0.514375 0.28625 0.01625 0.0175
0 0.526875 0.275 0.01625 0.02
0 0.52 0.280625 0.015 0.01875
0 0.675625 0.506875 0.01875 0.01875
0 0.661875 0.505 0.01375 0.015
0 0.6475 0.508125 0.015 0.02125
0 0.639375 0.510625 0.01625 0.02125
0 0.634375 0.514375 0.01375 0.01875
0 0.609375 0.404375 0.01375 0.01875
0 0.604375 0.40875 0.01125 0.0125
0 0.596875 0.40875 0.01375 0.0175
0 0.59 0.411875 0.015 0.01875
0 0.58625 0.416875 0.0175 0.01875
0 0.621875 0.44 0.01375 0.0175
0 0.644375 0.4725 0.01875 0.0175
0 0.650625 0.466875 0.01625 0.01625
0 0.656875 0.464375 0.01375 0.01375
0 0.6625 0.461875 0.0125 0.01125
0 0.5425 0.335 0.0125 0.0225
0 0.5525 0.3375 0.0125 0.03
0 0.56 0.335625 0.0125 0.02625
0 0.569375 0.335625 0.00875 0.02375
0 0.57875 0.334375 0.0125 0.02125
0 0.468125 0.20125 0.01875 0.0175
0 0.475625 0.1975 0.01875 0.02
0 0.48625 0.194375 0.0175 0.01875
0 0.493125 0.188125 0.01625 0.01625
