0 0.15875 0.71625 0.0125 0.005
0 0.33 0.67875 0.015 0.0075
0 0.835625 0.305625 0.03875 0.01625
0 0.976875 0.57125 0.02125 0.0225
0 0.890625 0.205625 0.03375 0.01375
0 0.960625 0.59375 0.02375 0.02
0 0.126875 0.205 0.05125 0.01
0 0.46375 0.196875 0.015 0.01125
0 0.959375 0.25875 0.03125 0.01
0 0.090625 0.721875 0.02125 0.00625
0 0.946875 0.211875 0.02125 0.01125
0 0.9875 0.603125 0.0125 0.01875
0 0.751875 0.26 0.01375 0.015
0 0.703125 0.33875 0.01375 0.0175
0 0.94125 0.308125 0.045 0.01125
0 0.971875 0.621875 0.01375 0.01375
0 0.99 0.235 0.02 0.0125
0 0.9875 0.651875 0.02 0.02125
0 0.691875 0.395625 0.01125 0.02125
0 0.23 0.71125 0.035 0.01
