0 0.764375 0.739375 0.01625 0.02375
0 0.765 0.7625 0.015 0.015
0 0.791875 0.734375 0.01875 0.01875
0 0.780625 0.7625 0.02125 0.0275
0 0.969375 0.944375 0.01625 0.01875
0 0.46375 0.191875 0.0175 0.01625
0 0.538125 0.336875 0.01875 0.02125
0 0.65875 0.5075 0.015 0.02
0 0.791875 0.94875 0.02375 0.03
0 0.641875 0.46 0.02125 0.0225
0 0.69 0.511875 0.015 0.01875
0 0.814375 0.8325 0.01875 0.02
0 0.846875 0.90125 0.01375 0.025
0 0.844375 0.836875 0.01875 0.02125
0 0.865 0.889375 0.0125 0.01875
0 0.555 0.313125 0.0225 0.02125
0 0.486875 0.450625 0.01625 0.01625
0 0.96625 0.91125 0.015 0.02
0 0.615 0.40125 0.0125 0.02
0 0.889375 0.898125 0.01625 0.02625
0 0.571875 0.3575 0.01625 0.0175
0 0.89375 0.953125 0.0175 0.02375
0 0.60375 0.4275 0.0125 0.02
0 0.821875 0.736875 0.01875 0.02125
0 0.824375 0.790625 0.01625 0.02375
0 0.8525 0.733125 0.02 0.02125
0 0.88 0.766875 0.0125 0.01625
0 0.665 0.451875 0.02 0.02625
0 0.650625 0.525 0.01875 0.0225
0 0.619375 0.47375 0.02125 0.02
0 0.454375 0.215625 0.01875 0.01875
0 0.545 0.2775 0.015 0.0175
0 0.906875 0.869375 0.01625 0.01875
0 0.85875 0.825625 0.0175 0.01875
0 0.92375 0.86 0.0175 0.0175
0 0.73875 0.548125 0.025 0.02875
0 0.74375 0.48625 0.02 0.02
0 0.741875 0.621875 0.01625 0.01625
0 0.655 0.576875 0.015 0.01875
0 0.741875 0.469375 0.01625 0.01375
0 0.77375 0.56125 0.0125 0.0175
0 0.95125 0.958125 0.0175 0.01625
0 0.75375 0.67 0.0225 0.0275
0 0.81625 0.69625 0.02 0.0225
0 0.9425 0.961875 0.025 0.02625
0 0.4625 0.27 0.025 0.025
0 0.491875 0.38125 0.01375 0.02
0 0.82375 0.69125 0.01 0.0175
0 0.659375 0.60375 0.01875 0.0225
0 0.84875 0.76625 0.0175 0.0225
0 0.788125 0.578125 0.01125 0.01625
0 0.589375 0.3325 0.01875 0.025
0 0.694375 0.595625 0.02375 0.02875
0 0.838125 0.773125 0.01625 0.01625
0 0.771875 0.593125 0.01875 0.02375
0 0.77 0.665 0.0125 0.025
0 0.830625 0.68875 0.01375 0.025
0 0.8225 0.643125 0.0175 0.01875
0 0.854375 0.71 0.01625 0.0175
0 0.901875 0.88875 0.01375 0.0175
0 0.590625 0.36 0.01375 0.02
0 0.915 0.94 0.015 0.0225
0 0.59875 0.441875 0.0175 0.02375
0 0.92625 0.893125 0.0125 0.01875
0 0.409375 0.175 0.02125 0.02
0 0.59625 0.316875 0.015 0.01875
0 0.62 0.43875 0.015 0.025
0 0.811875 0.76 0.01625 0.0225
0 0.880625 0.7875 0.01375 0.02
0 0.87625 0.745625 0.0125 0.01875
0 0.87 0.805 0.015 0.02
0 0.6125 0.495 0.02 0.0275
0 0.676875 0.533125 0.02375 0.02875
0 0.63875 0.499375 0.02 0.02375
0 0.658125 0.555625 0.01875 0.02375
0 0.86375 0.855625 0.015 0.01875
0 0.875625 0.91 0.01375 0.025
0 0.83 0.874375 0.015 0.02375
0 0.935625 0.88375 0.01125 0.015
0 0.586875 0.375625 0.01875 0.01875
0 0.9375 0.930625 0.0175 0.02375
0 0.6375 0.418125 0.02 0.02375
0 0.915625 0.91375 0.01625 0.0175
0 0.62625 0.375 0.0125 0.02
0 0.954375 0.924375 0.01375 0.01875
0 0.63375 0.42625 0.0125 0.0175
0 0.651875 0.804375 0.01625 0.01625
0 0.845 0.809375 0.0175 0.02125
0 0.5075 0.306875 0.0225 0.02125
0 0.82625 0.809375 0.02 0.02125
0 0.643125 0.4825 0.02125 0.0225
0 0.704375 0.56125 0.02125 0.03
0 0.66125 0.47625 0.0175 0.025
0 0.843125 0.86375 0.02375 0.0275
0 0.710625 0.624375 0.01875 0.02125
0 0.90375 0.82625 0.0225 0.02
0 0.79625 0.59875 0.0125 0.015
0 0.7425 0.59625 0.0125 0.0175
0 0.79625 0.620625 0.0175 0.02125
0 0.835 0.664375 0.015 0.01875
0 0.52875 0.27875 0.0225 0.0225
0 0.81625 0.6725 0.0125 0.0175
0 0.764375 0.714375 0.01625 0.02125
0 0.4975 0.24625 0.0175 0.015
0 0.53625 0.355625 0.0175 0.01875
0 0.726875 0.646875 0.02375 0.02625
0 0.730625 0.60125 0.01625 0.0225
0 0.93125 0.9675 0.015 0.02
0 0.724375 0.66875 0.02125 0.0225
0 0.74875 0.696875 0.02 0.02625
0 0.718125 0.708125 0.01125 0.01875
0 0.785625 0.695 0.01625 0.025
0 0.73125 0.751875 0.0225 0.00875
0 0.380625 0.143125 0.02625 0.01875
0 0.556875 0.3825 0.01375 0.0175
0 0.576875 0.406875 0.01625 0.02625
0 0.63875 0.39375 0.0175 0.0175
0 0.895625 0.92625 0.01625 0.0225
0 0.948125 0.900625 0.01625 0.01875
0 0.778125 0.64125 0.01625 0.0275
0 0.768125 0.640625 0.01625 0.02125
0 0.8825 0.87125 0.0175 0.0225
0 0.87625 0.875 0.0175 0.0175
0 0.80125 0.7825 0.0175 0.0225
0 0.795625 0.788125 0.01625 0.02375
0 0.67875 0.565625 0.0175 0.02375
0 0.675625 0.57625 0.01125 0.0175
