0 0.063125 0.996875 0.01625 0.00625
0 0.0075 0.943125 0.015 0.01625
0 0.055 0.999375 0.005 0.00125
0 0.0375 0.97875 0.0175 0.0125
0 0.00625 0.905625 0.0125 0.01375
0 0.0575 0.92625 0.02 0.015
0 0.035625 0.945625 0.02125 0.01625
0 0.25125 0.97 0.02 0.0175
0 0.036875 0.953125 0.01625 0.01375
0 0.1675 0.905 0.0175 0.0175
0 0.170625 0.878125 0.01625 0.01375
0 0.006875 0.929375 0.01375 0.01625
0 0.15625 0.995625 0.0125 0.00875
0 0.034375 0.98375 0.01125 0.0075
0 0.300625 0.9775 0.01875 0.0125
0 0.21875 0.915 0.02 0.0225
0 0.21125 0.92875 0.015 0.015
0 0.2925 0.963125 0.015 0.01625
0 0.065 0.710625 0.035 0.03875
0 0.27 0.995 0.015 0.01
0 0.009375 0.958125 0.01625 0.01875
0 0.03625 0.675 0.025 0.0275
0 0.260625 0.96625 0.02125 0.0175
0 0.154375 0.889375 0.01875 0.01875
0 0.2025 0.936875 0.02 0.02125
0 0.191875 0.94125 0.00875 0.02
