0 0.565625 0.74 0.01125 0.025
0 0.6125 0.77 0.0075 0.015
0 0.508125 0.701875 0.01375 0.01375
0 0.466875 0.8525 0.00875 0.02
0 0.343125 0.268125 0.00875 0.01625
0 0.50375 0.255625 0.015 0.02375
0 0.324375 0.27625 0.00875 0.0125
0 0.3175 0.14125 0.0075 0.0225
0 0.306875 0.153125 0.01125 0.02375
0 0.576875 0.7625 0.00875 0.0225
0 0.476875 0.87625 0.01125 0.015
0 0.483125 0.77125 0.01375 0.0225
0 0.544375 0.8575 0.01125 0.02
0 0.378125 0.27375 0.01375 0.02
0 0.483125 0.265 0.01375 0.0175
0 0.399375 0.26125 0.01125 0.015
0 0.525625 0.278125 0.01125 0.01875
0 0.573125 0.99125 0.01375 0.0175
0 0.30875 0.19625 0.0075 0.0125
0 0.38375 0.3475 0.0125 0.0225
0 0.583125 0.3375 0.00625 0.0125
0 0.59125 0.3325 0.015 0.025
0 0.3725 0.2325 0.015 0.0225
0 0.48375 0.355625 0.0125 0.02375
0 0.4175 0.3425 0.0125 0.02
0 0.556875 0.405 0.00875 0.02
0 0.6125 0.3875 0.0175 0.0525
0 0.575625 0.475625 0.00875 0.02125
0 0.530625 0.591875 0.01375 0.02375
0 0.613125 0.44625 0.02125 0.0675
0 0.57 0.503125 0.0075 0.01875
0 0.444375 0.08625 0.04125 0.06
0 0.589375 0.585 0.01125 0.02
0 0.38375 0.231875 0.015 0.01875
0 0.506875 0.339375 0.01375 0.02125
0 0.338125 0.3225 0.01375 0.0225
0 0.535 0.42625 0.01 0.02
0 0.5375 0.341875 0.0125 0.02125
0 0.32875 0.32625 0.02 0.02
0 0.53875 0.45375 0.0075 0.0225
0 0.624375 0.57 0.01375 0.0425
0 0.511875 0.534375 0.01125 0.02375
0 0.634375 0.6475 0.01125 0.02
0 0.541875 0.540625 0.00875 0.02375
0 0.551875 0.580625 0.00625 0.02375
0 0.245625 0.1 0.01125 0.02
0 0.328125 0.174375 0.01125 0.02375
0 0.26625 0.08125 0.01 0.02
0 0.330625 0.2375 0.01625 0.02
0 0.471875 0.8 0.01375 0.0275
0 0.52625 0.88125 0.01 0.0225
0 0.499375 0.7325 0.01125 0.025
0 0.401875 0.285 0.01125 0.025
0 0.468125 0.308125 0.01875 0.02375
0 0.3575 0.300625 0.0125 0.01625
0 0.489375 0.2975 0.01125 0.025
0 0.23625 0.143125 0.01 0.02625
0 0.280625 0.10375 0.01625 0.015
0 0.3525 0.25375 0.01 0.0125
0 0.578125 0.824375 0.01375 0.02125
0 0.53625 0.911875 0.0075 0.02125
0 0.56125 0.76625 0.01 0.02
0 0.503125 0.995 0.00875 0.01
0 0.384375 0.3125 0.01625 0.02
0 0.50875 0.28625 0.0125 0.0175
0 0.38 0.316875 0.0175 0.02375
0 0.528125 0.296875 0.01375 0.01375
0 0.395625 0.225 0.01625 0.0225
0 0.32125 0.304375 0.0075 0.01375
0 0.5675 0.4425 0.0125 0.025
0 0.50875 0.1675 0.03 0.0275
0 0.50625 0.39125 0.0125 0.0225
0 0.425 0.51125 0.0175 0.0325
0 0.55625 0.475 0.01 0.02
0 0.490625 0.94625 0.02125 0.0275
0 0.591875 0.530625 0.00875 0.02125
0 0.546875 0.57 0.00625 0.02
0 0.485 0.94125 0.0175 0.0225
0 0.570625 0.534375 0.01125 0.02125
0 0.51875 0.655625 0.01 0.03125
0 0.561875 0.25875 0.02375 0.0325
0 0.48125 0.395625 0.0125 0.01875
0 0.4025 0.014375 0.025 0.02875
0 0.536875 0.494375 0.01125 0.02375
0 0.546875 0.25625 0.00875 0.015
0 0.5725 0.293125 0.03 0.04125
0 0.43875 0.539375 0.015 0.01375
0 0.56875 0.9575 0.0125 0.025
0 0.58 0.559375 0.0075 0.01875
0 0.61625 0.67875 0.0075 0.0175
0 0.559375 0.956875 0.01375 0.02625
0 0.52375 0.565625 0.01 0.01875
0 0.6125 0.714375 0.01 0.02125
0 0.278125 0.13 0.01625 0.02
0 0.29375 0.120625 0.0125 0.02125
