0 0.378125 0.25125 0.03625 0.01
0 0.355625 0.82125 0.01875 0.0225
0 0.798125 0.058125 0.03875 0.01375
0 0.365625 0.893125 0.01875 0.02375
0 0.46875 0.261875 0.0375 0.00875
0 0.33375 0.290625 0.03 0.00875
0 0.7675 0.1325 0.0375 0.0125
0 0.415 0.881875 0.0175 0.02375
0 0.35 0.334375 0.035 0.00875
0 0.315 0.72375 0.0125 0.0175
0 0.450625 0.085625 0.03125 0.01375
0 0.375 0.751875 0.0175 0.02125
0 0.521875 0.958125 0.01625 0.01625
0 0.33875 0.721875 0.0175 0.02125
0 0.214375 0.11875 0.02125 0.0125
0 0.34 0.774375 0.0125 0.01625
0 0.4475 0.294375 0.0375 0.01125
0 0.369375 0.836875 0.01625 0.02625
0 0.19625 0.2125 0.0225 0.0125
0 0.391875 0.893125 0.01125 0.01875
0 0.401875 0.344375 0.03125 0.01375
0 0.3875 0.82 0.0175 0.02
0 0.67375 0.20375 0.0375 0.0175
0 0.45375 0.89125 0.015 0.025
0 0.530625 0.339375 0.02625 0.01625
0 0.41625 0.92875 0.015 0.0225
0 0.548125 0.391875 0.00625 0.00875
0 0.628125 0.273125 0.04125 0.01875
0 0.42875 0.951875 0.0175 0.02875
0 0.559375 0.423125 0.01125 0.01125
0 0.190625 0.3075 0.04125 0.01
0 0.269375 0.643125 0.01625 0.01625
0 0.811875 0.30125 0.01625 0.0075
0 0.238125 0.651875 0.01875 0.02125
0 0.66875 0.284375 0.0325 0.01375
0 0.45375 0.956875 0.0175 0.02125
0 0.5775 0.388125 0.015 0.01125
0 0.708125 0.281875 0.01375 0.01125
0 0.44625 0.989375 0.0175 0.02125
0 0.603125 0.40375 0.00875 0.01
0 0.79625 0.3725 0.01 0.01
0 0.289375 0.656875 0.01375 0.01375
0 0.226875 0.57125 0.01875 0.0225
0 0.08125 0.305625 0.0275 0.01625
0 0.520625 0.99 0.01875 0.02
0 0.365625 0.730625 0.01125 0.01875
0 0.511875 0.118125 0.02625 0.01875
0 0.33 0.789375 0.0125 0.01625
0 0.540625 0.981875 0.01875 0.01625
0 0.3175 0.75 0.0125 0.015
0 0.51625 0.156875 0.04 0.00875
0 0.4 0.78625 0.0175 0.0225
0 0.4975 0.22125 0.035 0.01
0 0.42375 0.8275 0.015 0.03
0 0.60625 0.22875 0.0175 0.01
0 0.30125 0.331875 0.0375 0.01125
0 0.53125 0.244375 0.035 0.01125
0 0.473125 0.835 0.02125 0.0275
0 0.551875 0.26125 0.04125 0.01
0 0.47875 0.886875 0.0125 0.01875
0 0.38875 0.285 0.04 0.01
0 0.250625 0.288125 0.02625 0.01375
0 0.439375 0.220625 0.02375 0.00875
0 0.379375 0.7925 0.01125 0.0175
0 0.370625 0.1475 0.03125 0.02
0 0.295625 0.75125 0.01625 0.0175
0 0.141875 0.205625 0.03875 0.01375
0 0.3525 0.800625 0.02 0.02375
0 0.591875 0.17875 0.03625 0.01
0 0.398125 0.85 0.01625 0.02
0 0.50625 0.311875 0.03 0.01375
0 0.455625 0.913125 0.01625 0.02125
0 0.665625 0.115625 0.02875 0.01125
0 0.421875 0.855625 0.01125 0.01875
0 0.56125 0.301875 0.0375 0.01125
0 0.505 0.92125 0.0075 0.0125
0 0.601875 0.31125 0.02625 0.0125
0 0.46375 0.984375 0.0225 0.02375
0 0.8325 0.18625 0.0425 0.01
0 0.206875 0.25875 0.02625 0.0075
0 0.494375 0.97625 0.01875 0.0225
0 0.7775 0.209375 0.0375 0.00875
0 0.238125 0.601875 0.01375 0.02125
0 0.263125 0.685 0.01875 0.02
0 0.2125 0.594375 0.02 0.01625
0 0.291875 0.71375 0.01875 0.02
0 0.5575 0.34625 0.0275 0.01
0 0.500625 0.959375 0.01375 0.02125
0 0.825625 0.24 0.03375 0.0125
0 0.66375 0.33625 0.02 0.01
0 0.926875 0.213125 0.03125 0.00875
0 0.2225 0.620625 0.0175 0.01375
0 0.288125 0.71875 0.01875 0.02
0 0.271875 0.6375 0.01625 0.0175
0 0.306875 0.703125 0.01875 0.01875
0 0.288125 0.164375 0.01875 0.00625
0 0.250625 0.234375 0.04375 0.01375
0 0.30875 0.69625 0.02 0.0175
0 0.35375 0.754375 0.0175 0.02125
0 0.349375 0.759375 0.01625 0.02125
0 0.33625 0.696875 0.0125 0.01375
0 0.428125 0.91 0.01875 0.02
0 0.42125 0.915 0.0175 0.02
0 0.469375 0.9525 0.01875 0.02
0 0.475625 0.9475 0.01875 0.02
0 0.485625 0.944375 0.01625 0.01875
0 0.493125 0.939375 0.02125 0.01875
