0 0.800625 0.74625 0.02625 0.0225
0 0.758125 0.921875 0.01875 0.01625
0 0.705625 0.235 0.00875 0.0225
0 0.726875 0.08625 0.01125 0.0225
0 0.77875 0.219375 0.015 0.02875
0 0.76875 0.423125 0.0125 0.01875
0 0.850625 0.28125 0.02375 0.0075
0 0.746875 0.655 0.01625 0.0225
0 0.99 0.9125 0.02 0.0225
0 0.823125 0.055625 0.01375 0.02125
0 0.794375 0.27875 0.01375 0.025
0 0.759375 0.144375 0.01375 0.02125
0 0.725 0.1475 0.0175 0.0275
0 0.75125 0.283125 0.02 0.03125
0 0.73875 0.28125 0.015 0.0275
0 0.72125 0.33625 0.0125 0.025
0 0.77375 0.688125 0.02 0.02125
0 0.77375 0.330625 0.015 0.02125
0 0.820625 0.075 0.01375 0.015
0 0.839375 0.13875 0.01125 0.0125
0 0.769375 0.354375 0.01375 0.02125
0 0.85125 0.705625 0.0175 0.01875
0 0.78875 0.376875 0.015 0.01875
0 0.803125 0.665 0.01375 0.0175
0 0.75125 0.065 0.0125 0.025
0 0.70125 0.19 0.01 0.025
0 0.72625 0.220625 0.01 0.02625
0 0.740625 0.01125 0.02125 0.0225
0 0.665 0.434375 0.0125 0.02625
0 0.73375 0.0075 0.015 0.015
0 0.804375 0.7 0.01375 0.0175
0 0.81875 0.02 0.0125 0.025
0 0.954375 0.74625 0.01375 0.0125
0 0.809375 0.019375 0.01375 0.02625
0 0.703125 0.396875 0.01125 0.02625
0 0.731875 0.41875 0.01125 0.0225
0 0.184375 0.956875 0.03375 0.01125
0 0.02 0.948125 0.015 0.00875
0 0.093125 0.95 0.01125 0.0075
0 0.589375 0.778125 0.02375 0.03125
