0 0.8325 0.93625 0.0425 0.01
0 0.861875 0.69125 0.02875 0.015
0 0.926875 0.9625 0.03375 0.0075
0 0.49875 0.97125 0.035 0.01
0 0.79875 0.808125 0.0375 0.01125
0 0.775625 0.95875 0.03875 0.0075
0 0.7675 0.88375 0.04 0.0125
0 0.82625 0.99 0.035 0.0125
0 0.25125 0.27625 0.0825 0.02
0 0.51 0.869375 0.0275 0.01625
0 0.378125 0.998125 0.03125 0.00375
0 0.29875 0.914375 0.04 0.00625
0 0.665625 0.865625 0.02875 0.00875
0 0.675625 0.953125 0.03375 0.01125
0 0.449375 0.83625 0.03375 0.0125
0 0.51625 0.9075 0.04 0.0075
0 0.14125 0.95625 0.035 0.0125
0 0.251875 0.98375 0.04375 0.015
0 0.591875 0.928125 0.03625 0.00875
0 0.370625 0.899375 0.03125 0.02125
0 0.44 0.970625 0.025 0.00875
0 0.605625 0.97875 0.01875 0.01
0 0.214375 0.86875 0.02125 0.0125
0 0.195625 0.9625 0.02125 0.0125
0 0.526875 0.994375 0.02875 0.01125
