0 0.765 0.0125 0.015 0.015
0 0.780625 0.013125 0.02125 0.02625
0 0.969375 0.194375 0.01625 0.01875
0 0.791875 0.19875 0.02375 0.03
0 0.98625 0.59375 0.01 0.02
0 0.814375 0.0825 0.01875 0.02
0 0.846875 0.15125 0.01375 0.025
0 0.844375 0.086875 0.01875 0.02125
0 0.865 0.139375 0.0125 0.01875
0 0.96625 0.16125 0.015 0.02
0 0.889375 0.148125 0.01625 0.02625
0 0.89375 0.203125 0.0175 0.02375
0 0.824375 0.040625 0.01625 0.02375
0 0.88 0.016875 0.0125 0.01625
0 0.785 0.27875 0.035 0.055
0 0.99125 0.61125 0.0175 0.01
0 0.865625 0.4 0.03375 0.0525
0 0.906875 0.119375 0.01625 0.01875
0 0.85875 0.075625 0.0175 0.01875
0 0.92375 0.11 0.0175 0.0175
0 0.95125 0.208125 0.0175 0.01625
0 0.9425 0.211875 0.025 0.02625
0 0.84875 0.01625 0.0175 0.0225
0 0.838125 0.023125 0.01625 0.01625
0 0.94875 0.570625 0.01 0.01875
0 0.971875 0.538125 0.01375 0.01375
0 0.901875 0.13875 0.01375 0.0175
0 0.915 0.19 0.015 0.0225
0 0.92625 0.143125 0.0125 0.01875
0 0.811875 0.010625 0.01625 0.02125
0 0.880625 0.0375 0.01375 0.02
0 0.87 0.055 0.015 0.02
0 0.884375 0.460625 0.02375 0.03625
0 0.8975 0.46375 0.015 0.0175
0 0.86375 0.105625 0.015 0.01875
0 0.875625 0.16 0.01375 0.025
0 0.83 0.124375 0.015 0.02375
0 0.935625 0.13375 0.01125 0.015
0 0.9375 0.180625 0.0175 0.02375
0 0.915625 0.16375 0.01625 0.0175
0 0.954375 0.174375 0.01375 0.01875
0 0.651875 0.054375 0.01625 0.01625
0 0.845 0.059375 0.0175 0.02125
0 0.82625 0.059375 0.02 0.02125
0 0.935625 0.555 0.01375 0.0275
0 0.843125 0.11375 0.02375 0.0275
0 0.90375 0.07625 0.0225 0.02
0 0.93125 0.2175 0.015 0.02
0 0.73125 0.003125 0.0225 0.00625
0 0.895625 0.17625 0.01625 0.0225
0 0.948125 0.15 0.01875 0.0175
0 0.881875 0.120625 0.01875 0.02375
0 0.875 0.125 0.015 0.0175
0 0.801875 0.031875 0.01875 0.02125
0 0.79625 0.0375 0.0175 0.02
