0 0.0325 0.67375 0.015 0.0175
0 0.05125 0.811875 0.0125 0.02125
0 0.079375 0.808125 0.00875 0.02125
0 0.048125 0.9075 0.00875 0.0225
0 0.03625 0.84125 0.01 0.0225
0 0.07125 0.844375 0.0125 0.02625
0 0.14125 0.95625 0.02 0.0425
0 0.125 0.875 0.025 0.01
0 0.0875 0.981875 0.01 0.02875
0 0.105 0.713125 0.01 0.01875
0 0.0775 0.985 0.01 0.0225
0 0.125 0.760625 0.01 0.02875
0 0.075 0.909375 0.01 0.02125
0 0.04 0.9375 0.0075 0.025
0 0.03625 0.698125 0.0125 0.01875
0 0.01375 0.753125 0.0125 0.02375
0 0.035 0.874375 0.01 0.02625
0 0.08125 0.87125 0.0125 0.0375
0 0.07875 0.944375 0.0075 0.02125
0 0.10375 0.9175 0.0075 0.0325
0 0.065625 0.7425 0.00875 0.02
0 0.033125 0.783125 0.00875 0.02375
0 0.076875 0.65375 0.02625 0.05
0 0.00875 0.53625 0.0175 0.025
0 0.133125 0.786875 0.01125 0.02625
0 0.1275 0.82 0.0175 0.0375
0 0.081875 0.69375 0.00875 0.0175
0 0.091875 0.691875 0.01375 0.01875
0 0.138125 0.85625 0.01625 0.0325
0 0.121875 0.86625 0.02125 0.0075
0 0.029375 0.978125 0.00875 0.02625
