0 0.2125 0.51125 0.0225 0.0125
0 0.61 0.71875 0.0525 0.0475
0 0.246875 0.524375 0.04375 0.02375
0 0.675625 0.77875 0.04375 0.05
0 0.298125 0.543125 0.05875 0.03125
0 0.72125 0.824375 0.045 0.04875
0 0.36 0.568125 0.065 0.03375
0 0.75375 0.8725 0.0325 0.0425
0 0.60375 0.981875 0.0175 0.01625
0 0.61125 0.98 0.015 0.015
0 0.671875 0.89875 0.01875 0.025
0 0.01 0.4725 0.02 0.01
0 0.0425 0.47625 0.04 0.0175
0 0.793125 0.940625 0.03875 0.05625
0 0.429375 0.600625 0.05625 0.03875
0 0.82 0.985 0.0275 0.03
0 0.08625 0.478125 0.04 0.01625
0 0.160625 0.5025 0.07875 0.035
0 0.49125 0.639375 0.055 0.03875
0 0.56 0.6775 0.04 0.03
0 0.5725 0.94625 0.0175 0.0175
0 0.58875 0.958125 0.015 0.01875
