0 0.235625 0.68 0.16625 0.055
0 0.304375 0.68875 0.08125 0.0325
0 0.6575 0.7025 0.225 0.0675
0 0.455 0.74 0.1 0.0425
0 0.048125 0.830625 0.09625 0.04375
0 0.0525 0.86 0.105 0.04
0 0.740625 0.319375 0.02625 0.04875
0 0.756875 0.403125 0.02375 0.05625
0 0.923125 0.3975 0.07125 0.035
0 0.81625 0.530625 0.0525 0.11125
0 0.239375 0.788125 0.25625 0.07375
0 0.57 0.445 0.1525 0.05
0 0.236875 0.51 0.36875 0.0975
0 0.2725 0.616875 0.375 0.09625
0 0.61 0.07125 0.055 0.04
0 0.6 0.083125 0.05 0.03375
0 0.665 0.11125 0.06 0.035
