0 0.703125 0.22125 0.02125 0.0325
0 0.753125 0.16 0.04125 0.05
0 0.82 0.0725 0.0325 0.035
0 0.959375 0.118125 0.01875 0.02125
0 0.783125 0.26625 0.01375 0.02
0 0.235 0.985625 0.0175 0.00875
0 0.783125 0.109375 0.01875 0.02125
0 0.801875 0.266875 0.01125 0.01625
0 0.2 0.78875 0.0125 0.005
0 0.825625 0.23875 0.01375 0.02
0 0.2225 0.7825 0.0125 0.005
0 0.873125 0.1675 0.01625 0.0175
0 0.605625 0.423125 0.01625 0.02125
0 0.878125 0.01125 0.01625 0.0175
0 0.629375 0.381875 0.01625 0.01875
0 0.011875 0.766875 0.02125 0.01125
0 0.045625 0.755625 0.02125 0.01375
0 0.92125 0.108125 0.0175 0.02125
0 0.94375 0.091875 0.015 0.01625
