0 0.056875 0.654375 0.01875 0.01625
0 0.023125 0.694375 0.01125 0.01125
0 0.094375 0.65625 0.02625 0.0225
0 0.150625 0.85625 0.01875 0.0225
0 0.05375 0.47375 0.02 0.025
0 0.003125 0.60625 0.00625 0.0125
0 0.00375 0.51375 0.0075 0.025
0 0.060625 0.61125 0.02875 0.02
0 0.20125 0.645 0.025 0.025
0 0.28125 0.6275 0.015 0.0125
0 0.3775 0.741875 0.0175 0.01125
0 0.535625 0.980625 0.01875 0.00875
0 0.0575 0.105625 0.0125 0.02375
0 0.085 0.1175 0.0075 0.0175
0 0.09375 0.115 0.01 0.015
0 0.083125 0.148125 0.01125 0.01625
0 0.155625 0.589375 0.02375 0.02125
0 0.003125 0.554375 0.00625 0.01625
0 0.185 0.596875 0.0125 0.01875
0 0.313125 0.640625 0.01375 0.01125
0 0.19625 0.893125 0.015 0.01375
0 0.179375 0.693125 0.02625 0.01875
0 0.319375 0.9275 0.01125 0.0075
0 0.029375 0.5425 0.02125 0.0225
0 0.0175 0.635625 0.0175 0.01625
0 0.06125 0.52875 0.015 0.02
0 0.24125 0.698125 0.02 0.01375
0 0.66625 0.850625 0.0175 0.01125
0 0.225 0.730625 0.03 0.01875
0 0.6125 0.935 0.03 0.0225
0 0.06125 0.05625 0.0075 0.0225
0 0.028125 0.065625 0.01375 0.04125
0 0.004375 0.155625 0.00875 0.02125
0 0.051875 0.200625 0.01375 0.02375
0 0.045 0.145625 0.01 0.02375
0 0.0675 0.239375 0.0075 0.01125
0 0.014375 0.06625 0.01375 0.0425
0 0.07625 0.41125 0.0125 0.015
0 0.033125 0.2425 0.00875 0.02
0 0.005 0.41375 0.01 0.0225
0 0.05625 0.43625 0.0175 0.025
0 0.020625 0.44375 0.01125 0.02
0 0.131875 0.54875 0.02125 0.02
0 0.108125 0.585 0.02625 0.025
