0 0.123125 0.916875 0.01625 0.01875
0 0.65875 0.47625 0.035 0.0075
0 0.4 0.555 0.0275 0.02
0 0.209375 0.868125 0.01875 0.02125
0 0.9625 0.51125 0.0225 0.0125
0 0.9875 0.524375 0.025 0.02375
0 0.06875 0.82125 0.0325 0.035
0 0.463125 0.523125 0.05375 0.02875
0 0.70125 0.475 0.04 0.0125
0 0.59875 0.49125 0.0375 0.02
0 0.53125 0.500625 0.0675 0.02375
0 0.033125 0.859375 0.01875 0.02125
0 0.304375 0.61625 0.02125 0.0175
0 0.35125 0.583125 0.0625 0.03875
0 0.1425 0.7375 0.0175 0.0225
0 0.19375 0.84125 0.0125 0.015
0 0.163125 0.718125 0.02125 0.02125
0 0.170625 0.856875 0.01625 0.01625
0 0.588125 0.600625 0.01875 0.00875
0 0.74625 0.4725 0.0475 0.01
0 0.665 0.59875 0.0325 0.0125
0 0.7925 0.47625 0.04 0.0175
0 0.011875 0.904375 0.02375 0.04125
0 0.216875 0.681875 0.02125 0.01625
0 0.64875 0.48875 0.0425 0.02
0 0.83625 0.478125 0.04 0.01625
0 0.704375 0.484375 0.03875 0.01125
0 0.910625 0.5025 0.07875 0.035
0 0.075625 0.988125 0.01375 0.02125
0 0.30875 0.624375 0.015 0.01375
0 0.33625 0.605625 0.0175 0.01125
0 0.12875 0.76125 0.0175 0.0175
