0 0.211875 0.994375 0.01375 0.01125
0 0.24125 0.68125 0.015 0.025
0 0.2825 0.67375 0.015 0.0175
0 0.30125 0.811875 0.0125 0.02125
0 0.329375 0.808125 0.00875 0.02125
0 0.298125 0.9075 0.00875 0.0225
0 0.24125 0.72 0.0125 0.025
0 0.28625 0.84125 0.01 0.0225
0 0.32125 0.844375 0.0125 0.02625
0 0.01 0.125 0.02 0.0375
0 0.1225 0.61875 0.015 0.0175
0 0.39125 0.95625 0.02 0.0425
0 0.125 0.610625 0.02 0.02375
0 0.144375 0.364375 0.04125 0.05875
0 0.179375 0.425625 0.04375 0.06375
0 0.375 0.875 0.025 0.01
0 0.3375 0.981875 0.01 0.02875
0 0.004375 0.435625 0.00875 0.02125
0 0.088125 0.530625 0.01625 0.01875
0 0.00875 0.455 0.0125 0.02
0 0.07375 0.539375 0.015 0.01875
0 0.15875 0.84625 0.02 0.0375
0 0.13625 0.60625 0.0225 0.02
0 0.18875 0.90625 0.0225 0.025
0 0.14375 0.603125 0.02 0.02375
0 0.211875 0.48 0.03625 0.045
0 0.355 0.713125 0.01 0.01875
0 0.3275 0.985 0.01 0.0225
0 0.375 0.760625 0.01 0.02875
0 0.043125 0.426875 0.02125 0.02125
0 0.098125 0.56375 0.01375 0.025
0 0.0725 0.45125 0.0175 0.02
0 0.088125 0.58875 0.01875 0.02
0 0.325 0.909375 0.01 0.02125
0 0.29 0.9375 0.0075 0.025
0 0.21625 0.63 0.0175 0.025
0 0.28625 0.698125 0.0125 0.01875
0 0.166875 0.674375 0.01875 0.02125
0 0.26375 0.753125 0.0125 0.02375
0 0.285 0.874375 0.01 0.02625
0 0.043125 0.190625 0.03875 0.05625
0 0.33125 0.87125 0.0125 0.0375
0 0.07625 0.24875 0.04 0.0575
0 0.32875 0.944375 0.0075 0.02125
0 0.35375 0.9175 0.0075 0.0325
0 0.2475 0.653125 0.0125 0.02625
0 0.315625 0.7425 0.00875 0.02
0 0.16125 0.715 0.0175 0.0275
0 0.283125 0.783125 0.00875 0.02375
0 0.110625 0.308125 0.03875 0.05625
0 0.326875 0.65375 0.02625 0.05
0 0.25625 0.53625 0.0225 0.025
0 0.383125 0.786875 0.01125 0.02625
0 0.3775 0.82 0.0175 0.0375
0 0.095 0.515625 0.015 0.01875
0 0.079375 0.64125 0.01625 0.02
0 0.101875 0.648125 0.02125 0.03625
0 0.029375 0.485625 0.01625 0.01625
0 0.331875 0.69375 0.00875 0.0175
0 0.02125 0.489375 0.02 0.01875
0 0.341875 0.691875 0.01375 0.01875
0 0.388125 0.85625 0.01625 0.0325
0 0.371875 0.86625 0.02125 0.0075
0 0.0675 0.5075 0.02 0.0225
0 0.129375 0.68 0.01625 0.0225
0 0.005625 0.475 0.01125 0.0175
0 0.044375 0.525625 0.01125 0.01375
0 0.279375 0.978125 0.00875 0.02625
