0 0.699375 0.8925 0.01875 0.045
0 0.619375 0.758125 0.01375 0.03375
0 0.92 0.885625 0.0275 0.04875
0 0.455625 0.6775 0.05875 0.0375
0 0.85125 0.45 0.0325 0.0425
0 0.5525 0.021875 0.015 0.01625
0 0.945 0.7275 0.0225 0.0225
0 0.601875 0.034375 0.01625 0.01625
0 0.366875 0.01125 0.02625 0.02
0 0.539375 0.86375 0.03125 0.05
0 0.830625 0.664375 0.02875 0.04375
0 0.616875 0.555 0.04375 0.0375
0 0.758125 0.505 0.03625 0.03
0 0.473125 0.0475 0.02125 0.0175
0 0.5125 0.01625 0.02 0.0175
0 0.60375 0.00375 0.015 0.0075
