0 0.676875 0.654375 0.03625 0.02125
0 0.558125 0.495625 0.04875 0.02125
0 0.04125 0.256875 0.055 0.01625
0 0.331875 0.256875 0.05125 0.01875
0 0.0875 0.708125 0.035 0.01625
0 0.466875 0.696875 0.03125 0.01125
0 0.32375 0.404375 0.025 0.01375
0 0.100625 0.421875 0.04875 0.02125
0 0.25 0.666875 0.05 0.01625
0 0.283125 0.54 0.04375 0.0175
0 0.253125 0.4625 0.01875 0.0125
0 0.42625 0.4575 0.0425 0.0225
0 0.399375 0.624375 0.03625 0.01125
0 0.214375 0.335625 0.04625 0.01875
0 0.93625 0.893125 0.1275 0.04375
0 0.341875 0.873125 0.07375 0.02625
