0 0.799375 0.650625 0.06125 0.03875
0 0.67125 0.111875 0.105 0.02375
0 0.98 0.21 0.04 0.02
0 0.201875 0.195 0.02625 0.015
0 0.439375 0.4775 0.05125 0.0325
0 0.10375 0.108125 0.0275 0.01375
0 0.234375 0.86125 0.03375 0.015
0 0.953125 0.499375 0.05875 0.02875
0 0.32375 0.3775 0.0225 0.02
0 0.488125 0.83375 0.05875 0.0475
0 0.261875 0.99375 0.02375 0.0125
0 0.03 0.1825 0.03 0.0225
0 0.126875 0.328125 0.01875 0.01125
0 0.283125 0.571875 0.08125 0.04375
0 0.043125 0.88125 0.04125 0.04
0 0.75375 0.885625 0.085 0.05625
0 0.2625 0.29 0.025 0.02
0 0.548125 0.536875 0.05375 0.04875
0 0.69 0.3975 0.1225 0.0675
0 0.094375 0.746875 0.02375 0.02625
