0 0.55 0.673125 0.0475 0.02625
0 0.6375 0.86 0.025 0.0175
0 0.6 0.7425 0.04 0.015
0 0.65125 0.8925 0.0275 0.0175
0 0.68625 0.175 0.03 0.02
0 0.07 0.89125 0.035 0.025
0 0.633125 0.721875 0.03875 0.01625
0 0.6325 0.779375 0.035 0.01375
0 0.858125 0.803125 0.02625 0.01875
0 0.786875 0.824375 0.01875 0.01375
0 0.750625 0.0725 0.01875 0.0225
0 0.84625 0.008125 0.03 0.01625
0 0.803125 0.71625 0.02375 0.0175
0 0.755625 0.76125 0.01375 0.02
0 0.76125 0.449375 0.0575 0.02375
0 0.598125 0.0575 0.01875 0.03
0 0.4325 0.166875 0.0675 0.05875
0 0.016875 0.845625 0.03375 0.02625
0 0.665 0.799375 0.0275 0.01125
0 0.69 0.77375 0.03 0.01
0 0.19625 0.69875 0.0475 0.0325
0 0.264375 0.73 0.04375 0.0275
0 0.716875 0.720625 0.03875 0.01375
0 0.843125 0.746875 0.01875 0.01375
0 0.85875 0.366875 0.05 0.02625
0 0.6 0.31625 0.03 0.0125
0 0.70125 0.28625 0.03 0.0175
0 0.911875 0.144375 0.03375 0.02125
0 0.8175 0.2075 0.02 0.025
