0 0.5925 0.498125 0.02 0.01875
0 0.525 0.73625 0.02 0.025
0 0.5525 0.771875 0.015 0.01625
0 0.601875 0.784375 0.01625 0.01625
0 0.63375 0.721875 0.0175 0.01625
0 0.366875 0.76125 0.02625 0.02
0 0.430625 0.69 0.02875 0.025
0 0.508125 0.560625 0.02625 0.02875
0 0.631875 0.685 0.01875 0.0175
0 0.573125 0.666875 0.01875 0.01625
0 0.473125 0.7975 0.02125 0.0175
0 0.551875 0.685 0.01625 0.015
0 0.5125 0.76625 0.02 0.0175
0 0.603125 0.750625 0.01625 0.01375
0 0.71875 0.491875 0.0525 0.02875
0 0.5275 0.703125 0.015 0.01625
0 0.54625 0.711875 0.0175 0.01875
