0 0.77375 0.935625 0.05 0.02125
0 0.9775 0.88625 0.045 0.0275
0 0.4225 0.43875 0.04 0.0125
0 0.30125 0.675625 0.0275 0.01125
0 0.820625 0.56 0.02375 0.01
0 0.155 0.965 0.045 0.0225
0 0.38375 0.821875 0.0475 0.01375
0 0.58625 0.398125 0.035 0.01125
0 0.64875 0.3025 0.0325 0.0125
0 0.34375 0.351875 0.025 0.01125
0 0.974375 0.260625 0.02375 0.01125
0 0.38125 0.71875 0.0575 0.015
0 0.58875 0.71375 0.04 0.015
0 0.251875 0.865 0.02875 0.0125
0 0.0525 0.66 0.045 0.015
0 0.145 0.714375 0.045 0.01375
0 0.08875 0.62 0.0625 0.0325
0 0.705 0.28125 0.03 0.0125
0 0.339375 0.444375 0.02375 0.02125
0 0.914375 0.68625 0.05125 0.02
0 0.75 0.77375 0.045 0.0175
0 0.49 0.336875 0.025 0.01875
0 0.099375 0.52 0.02375 0.01
0 0.22375 0.399375 0.04 0.01375
0 0.238125 0.5425 0.02375 0.0125
0 0.565625 0.626875 0.04375 0.01625
0 0.920625 0.438125 0.05375 0.01875
0 0.79875 0.298125 0.0425 0.01375
0 0.743125 0.523125 0.03875 0.01125
0 0.558125 0.28375 0.03375 0.01
0 0.75 0.669375 0.04 0.01375
0 0.03875 0.42125 0.04 0.015
0 0.266875 0.743125 0.02375 0.00875
0 0.339375 0.295625 0.02375 0.01625
0 0.179375 0.81125 0.02125 0.0075
0 0.460625 0.5925 0.03875 0.01
0 0.105625 0.885 0.02875 0.0125
0 0.2375 0.59875 0.05 0.0225
0 0.100625 0.815 0.03375 0.0175
0 0.355 0.58125 0.055 0.015
0 0.03 0.750625 0.0425 0.01875
0 0.52 0.53875 0.05 0.02
0 0.760625 0.405 0.03875 0.0125
0 0.6325 0.486875 0.04 0.01375
