0 0.905 0.965 0.045 0.0225
0 0.49875 0.4625 0.03 0.015
0 0.701875 0.37375 0.02625 0.015
0 0.8025 0.66 0.045 0.015
0 0.895 0.714375 0.045 0.01375
0 0.706875 0.88375 0.04125 0.0175
0 0.83875 0.62 0.0625 0.0325
0 0.849375 0.52 0.02375 0.01
0 0.97375 0.399375 0.04 0.01375
0 0.638125 0.73875 0.02125 0.015
0 0.988125 0.5425 0.02375 0.0125
0 0.78875 0.42125 0.04 0.015
0 0.71375 0.459375 0.025 0.01375
0 0.929375 0.81125 0.02125 0.0075
0 0.855625 0.885 0.02875 0.0125
0 0.98125 0.59875 0.0375 0.0225
0 0.850625 0.815 0.03375 0.0175
0 0.78 0.750625 0.0425 0.01875
