0 0.951875 0.195 0.02625 0.015
0 0.85375 0.108125 0.0275 0.01375
0 0.98375 0.86125 0.0325 0.015
0 0.18125 0.3125 0.02 0.0425
0 0.293125 0.999375 0.00625 0.00125
0 0.735 0.29875 0.045 0.0225
0 0.5875 0.423125 0.0325 0.01875
0 0.78 0.1825 0.03 0.0225
0 0.876875 0.328125 0.01875 0.01125
0 0.6325 0.985625 0.06 0.02875
0 0.99625 0.581875 0.0075 0.01375
0 0.793125 0.88125 0.04125 0.04
0 0.556875 0.784375 0.02375 0.02125
0 0.2975 0.884375 0.0375 0.02625
0 0.23375 0.72 0.0125 0.0275
0 0.844375 0.746875 0.02375 0.02625
0 0.2525 0.50125 0.02 0.0175
