0 0.93125 0.795625 0.035 0.02875
0 0.675625 0.5525 0.02375 0.0125
0 0.17 0.885625 0.0275 0.04875
0 0.10125 0.45 0.0325 0.0425
0 0.57125 0.3575 0.0475 0.015
0 0.25875 0.560625 0.0175 0.06625
0 0.328125 0.84625 0.03875 0.04
0 0.195 0.7275 0.0225 0.0225
0 0.981875 0.91 0.03625 0.0225
0 0.65375 0.4625 0.0375 0.015
0 0.806875 0.6375 0.04125 0.015
0 0.25125 0.358125 0.04 0.03875
0 0.630625 0.75 0.04375 0.0425
0 0.080625 0.664375 0.02875 0.04375
0 0.609375 0.594375 0.04875 0.01875
0 0.780625 0.914375 0.01875 0.04625
0 0.7975 0.911875 0.0175 0.02125
0 0.79625 0.718125 0.04 0.01625
0 0.013125 0.505 0.02625 0.03
