0 0.024375 0.935625 0.04875 0.02125
0 0.243125 0.88625 0.07625 0.0275
0 0.295 0.340625 0.0225 0.00875
0 0.62375 0.170625 0.0575 0.02125
0 0.070625 0.56 0.02375 0.01
0 0.4675 0.89375 0.0775 0.025
0 0.371875 0.691875 0.06375 0.02125
0 0.2875 0.2625 0.035 0.01
0 0.224375 0.260625 0.02375 0.01125
0 0.6775 0.314375 0.05 0.01875
0 0.39875 0.3425 0.02 0.015
0 0.79125 0.256875 0.055 0.01625
0 0.8375 0.708125 0.035 0.01625
0 0.850625 0.421875 0.04875 0.02125
0 0.294375 0.611875 0.03625 0.01625
0 0.164375 0.68625 0.05125 0.02
0 0.01125 0.774375 0.0225 0.01625
0 0.32375 0.49125 0.0175 0.01
0 0.568125 0.360625 0.01875 0.01125
0 0.9875 0.665625 0.025 0.01375
0 0.170625 0.438125 0.05375 0.01875
0 0.04875 0.298125 0.0425 0.01375
0 0.00625 0.523125 0.0125 0.01125
0 0.01 0.669375 0.02 0.01375
0 0.671875 0.303125 0.05375 0.01875
0 0.964375 0.335625 0.04625 0.01875
0 0.469375 0.549375 0.04625 0.01875
0 0.501875 0.429375 0.04875 0.02375
0 0.650625 0.749375 0.04375 0.01875
0 0.719375 0.488125 0.02625 0.01125
0 0.015 0.405625 0.03 0.01375
