0 0.04 0.7875 0.08 0.0375
0 0.031875 0.535625 0.04375 0.04125
0 0.6825 0.79 0.0425 0.09
0 0.13125 0.39125 0.04 0.07
0 0.93125 0.045625 0.035 0.02875
0 0.386875 0.971875 0.04625 0.05625
0 0.76125 0.735 0.1 0.0275
0 0.316875 0.679375 0.08625 0.07875
0 0.17 0.135625 0.0275 0.04875
0 0.328125 0.09625 0.03875 0.04
0 0.96 0.343125 0.035 0.01875
0 0.981875 0.16 0.03625 0.0225
0 0.670625 0.56375 0.04375 0.0525
0 0.503125 0.4675 0.05375 0.085
0 0.088125 0.335625 0.03375 0.01875
0 0.751875 0.311875 0.01375 0.04375
0 0.371875 0.33375 0.05875 0.025
0 0.625625 0.010625 0.03375 0.02125
0 0.780625 0.164375 0.01875 0.04625
0 0.7975 0.161875 0.0175 0.02125
